0
1
1 1936684398
748
1 0.000000 0.917333
1 0.938667 1.898667
1 1.920000 2.880000
1 2.901333 3.861333
1 3.882667 4.842667
1 4.864000 5.824000
1 5.845333 6.805333
1 6.826667 7.786667
1 7.808000 8.768000
1 8.789333 9.749333
1 9.770667 10.730667
1 10.752000 11.712000
1 11.733333 12.693333
1 12.714667 13.674646
1 13.695979 14.655979
1 14.677312 15.637313
1 15.658646 16.618646
1 16.639979 17.599979
1 17.621312 18.581312
1 18.602646 19.562646
1 19.583979 20.543979
1 20.565313 21.525312
1 21.546646 22.506646
1 22.527979 23.487979
1 23.509313 24.469313
1 24.490646 25.450646
1 25.471979 26.431979
1 26.453312 27.413292
1 27.434625 28.394625
1 28.415958 29.375958
1 29.397292 30.357292
1 30.378625 31.338625
1 31.359958 32.319958
1 32.341292 33.301292
1 33.322625 34.282625
1 34.303958 35.263958
1 35.285292 36.245292
1 36.266625 37.226625
1 37.247958 38.207958
1 38.229292 39.189292
1 39.210625 40.170604
1 40.191938 41.151938
1 41.173271 42.133271
1 42.154604 43.114604
1 43.135937 44.095937
1 44.117271 45.077271
1 45.098604 46.058604
1 46.079938 47.039938
1 47.061271 48.021271
1 48.042604 49.002604
1 49.023938 49.983938
1 50.005271 50.965271
1 50.986604 51.946604
1 51.967937 52.927937
1 52.949271 53.909250
1 53.930583 54.890583
1 54.911917 55.871917
1 55.893250 56.853250
1 56.874583 57.834583
1 57.855917 58.815917
1 58.837250 59.797250
1 59.818583 60.778583
1 60.799917 61.759917
1 61.781250 62.741250
1 62.762583 63.722583
1 63.743917 64.703917
1 64.725250 65.685250
1 65.706583 66.666583
1 66.687896 67.647896
1 67.669229 68.629229
1 68.650563 69.610563
1 69.631896 70.591896
1 70.613229 71.573229
1 71.594562 72.554563
1 72.575896 73.535896
1 73.557229 74.517229
1 74.538562 75.498563
1 75.519896 76.479896
1 76.501229 77.461229
1 77.482563 78.442562
1 78.463896 79.423896
1 79.445229 80.405208
1 80.426542 81.386542
1 81.407875 82.367875
1 82.389208 83.349208
1 83.370542 84.330542
1 84.351875 85.311875
1 85.333208 86.293208
1 86.314542 87.274542
1 87.295875 88.255875
1 88.277208 89.237208
1 89.258542 90.218542
1 90.239875 91.199875
1 91.221208 92.181208
1 92.202542 93.162542
1 93.183875 94.143854
1 94.165188 95.125187
1 95.146521 96.106521
1 96.127854 97.087854
1 97.109188 98.069187
1 98.090521 99.050521
1 99.071854 100.031854
1 100.053188 101.013188
1 101.034521 101.994521
1 102.015854 102.975854
1 102.997188 103.957188
1 103.978521 104.938521
1 104.959854 105.919854
1 105.941188 106.901167
1 106.922500 107.882500
1 107.903833 108.863833
1 108.885167 109.845167
1 109.866500 110.826500
1 110.847833 111.807833
1 111.829167 112.789167
1 112.810500 113.770500
1 113.791833 114.751833
1 114.773167 115.733167
1 115.754500 116.714500
1 116.735833 117.695833
1 117.717167 118.677167
1 118.698500 119.658500
1 119.679833 120.639833
1 120.661167 121.621167
1 121.642500 122.602500
1 122.623833 123.583812
1 123.605146 124.565146
1 124.586479 125.546479
1 125.567813 126.527813
1 126.549146 127.509146
1 127.530479 128.490479
1 128.511812 129.471813
1 129.493146 130.453146
1 130.474479 131.434479
1 131.455813 132.415812
1 132.437146 133.397146
1 133.418479 134.378479
1 134.399813 135.359813
1 135.381146 136.341146
1 136.362479 137.322458
1 137.343792 138.303792
1 138.325125 139.285125
1 139.306458 140.266458
1 140.287792 141.247792
1 141.269125 142.229125
1 142.250458 143.210458
1 143.231792 144.191792
1 144.213125 145.173125
1 145.194458 146.154458
1 146.175792 147.135792
1 147.157125 148.117125
1 148.138458 149.098458
1 149.119792 150.079771
1 150.101104 151.061104
1 151.082438 152.042438
1 152.063771 153.023771
1 153.045104 154.005104
1 154.026437 154.986437
1 155.007771 155.967771
1 155.989104 156.949104
1 156.970438 157.930438
1 157.951771 158.911771
1 158.933104 159.893104
1 159.914437 160.874438
1 160.895771 161.855771
1 161.877104 162.837104
1 162.858438 163.818417
1 163.839750 164.799750
1 164.821083 165.781083
1 165.802417 166.762417
1 166.783750 167.743750
1 167.765083 168.725083
1 168.746417 169.706417
1 169.727750 170.687750
1 170.709083 171.669083
1 171.690417 172.650417
1 172.671750 173.631750
1 173.653083 174.613083
1 174.634417 175.594417
1 175.615750 176.575750
1 176.597083 177.557063
1 177.578396 178.538396
1 178.559729 179.519729
1 179.541063 180.501062
1 180.522396 181.482396
1 181.503729 182.463729
1 182.485063 183.445063
1 183.466396 184.426396
1 184.447729 185.407729
1 185.429062 186.389062
1 186.410396 187.370396
1 187.391729 188.351729
1 188.373063 189.333063
1 189.354396 190.314375
1 190.335708 191.295708
1 191.317042 192.277042
1 192.298375 193.258375
1 193.279708 194.239708
1 194.261042 195.221042
1 195.242375 196.202375
1 196.223708 197.183708
1 197.205042 198.165042
1 198.186375 199.146375
1 199.167708 200.127708
1 200.149042 201.109042
1 201.130375 202.090375
1 202.111708 203.071708
1 203.093042 204.053021
1 204.074354 205.034354
1 205.055688 206.015688
1 206.037021 206.997021
1 207.018354 207.978354
1 207.999687 208.959688
1 208.981021 209.941021
1 209.962354 210.922354
1 210.943688 211.903687
1 211.925021 212.885021
1 212.906354 213.866354
1 213.887688 214.847688
1 214.869021 215.829021
1 215.850354 216.810333
1 216.831667 217.791667
1 217.813000 218.773000
1 218.794333 219.754333
1 219.775667 220.735667
1 220.757000 221.717000
1 221.738333 222.698333
1 222.719667 223.679667
1 223.701000 224.661000
1 224.682333 225.642333
1 225.663667 226.623667
1 226.645000 227.605000
1 227.626333 228.586333
1 228.607667 229.567667
1 229.589000 230.549000
1 230.570333 231.530333
1 231.551667 232.511667
1 232.533000 233.492979
1 233.514312 234.474313
1 234.495646 235.455646
1 235.476979 236.436979
1 236.458313 237.418313
1 237.439646 238.399646
1 238.420979 239.380979
1 239.402312 240.362313
1 240.383646 241.343646
1 241.364979 242.324979
1 242.346313 243.306312
1 243.327646 244.287646
1 244.308979 245.268979
1 245.290313 246.250313
1 246.271646 247.231625
1 247.252958 248.212958
1 248.234292 249.194292
1 249.215625 250.175625
1 250.196958 251.156958
1 251.178292 252.138292
1 252.159625 253.119625
1 253.140958 254.100958
1 254.122292 255.082292
1 255.103625 256.063625
1 256.084958 257.044958
1 257.066292 258.026292
1 258.047625 259.007625
1 259.028958 259.988958
1 260.010292 260.970271
1 260.991604 261.951604
1 261.972938 262.932937
1 262.954271 263.914271
1 263.935604 264.895604
1 264.916938 265.876938
1 265.898271 266.858271
1 266.879604 267.839604
1 267.860937 268.820938
1 268.842271 269.802271
1 269.823604 270.783604
1 270.804937 271.764937
1 271.786271 272.746271
1 272.767604 273.727583
1 273.748917 274.708917
1 274.730250 275.690250
1 275.711583 276.671583
1 276.692917 277.652917
1 277.674250 278.634250
1 278.655583 279.615583
1 279.636917 280.596917
1 280.618250 281.578250
1 281.599583 282.559583
1 282.580917 283.540917
1 283.562250 284.522250
1 284.543583 285.503583
1 285.524917 286.484917
1 286.506250 287.466229
1 287.487563 288.447563
1 288.468896 289.428896
1 289.450229 290.410229
1 290.431562 291.391563
1 291.412896 292.372896
1 292.394229 293.354229
1 293.375563 294.335562
1 294.356896 295.316896
1 295.338229 296.298229
1 296.319563 297.279563
1 297.300896 298.260896
1 298.282229 299.242229
1 299.263562 300.223542
1 300.244875 301.204875
1 301.226208 302.186208
1 302.207542 303.167542
1 303.188875 304.148875
1 304.170208 305.130208
1 305.151542 306.111542
1 306.132875 307.092875
1 307.114208 308.074208
1 308.095542 309.055542
1 309.076875 310.036875
1 310.058208 311.018208
1 311.039542 311.999542
1 312.020875 312.980875
1 313.002208 313.962188
1 313.983521 314.943521
1 314.964854 315.924854
1 315.946188 316.906187
1 316.927521 317.887521
1 317.908854 318.868854
1 318.890188 319.850188
1 319.871521 320.831521
1 320.852854 321.812854
1 321.834187 322.794188
1 322.815521 323.775521
1 323.796854 324.756854
1 324.778188 325.738187
1 325.759521 326.719521
1 326.740854 327.700833
1 327.722167 328.682167
1 328.703500 329.663500
1 329.684833 330.644833
1 330.666167 331.626167
1 331.647500 332.607500
1 332.628833 333.588833
1 333.610167 334.570167
1 334.591500 335.551500
1 335.572833 336.532833
1 336.554167 337.514167
1 337.535500 338.495500
1 338.516833 339.476833
1 339.498167 340.458167
1 340.479500 341.439500
1 341.460833 342.420833
1 342.442167 343.402167
1 343.423500 344.383479
1 344.404812 345.364813
1 345.386146 346.346146
1 346.367479 347.327479
1 347.348813 348.308812
1 348.330146 349.290146
1 349.311479 350.271479
1 350.292813 351.252813
1 351.274146 352.234146
1 352.255479 353.215479
1 353.236812 354.196813
1 354.218146 355.178146
1 355.199479 356.159479
1 356.180813 357.140792
1 357.162125 358.122125
1 358.143458 359.103458
1 359.124792 360.084792
1 360.106125 361.066125
1 361.087458 362.047458
1 362.068792 363.028792
1 363.050125 364.010125
1 364.031458 364.991458
1 365.012792 365.972792
1 365.994125 366.954125
1 366.975458 367.935458
1 367.956792 368.916792
1 368.938125 369.898125
1 369.919458 370.879437
1 370.900771 371.860771
1 371.882104 372.842104
1 372.863437 373.823438
1 373.844771 374.804771
1 374.826104 375.786104
1 375.807437 376.767438
1 376.788771 377.748771
1 377.770104 378.730104
1 378.751438 379.711437
1 379.732771 380.692771
1 380.714104 381.674104
1 381.695438 382.655438
1 382.676771 383.636750
1 383.658083 384.618083
1 384.639417 385.599417
1 385.620750 386.580750
1 386.602083 387.562083
1 387.583417 388.543417
1 388.564750 389.524750
1 389.546083 390.506083
1 390.527417 391.487417
1 391.508750 392.468750
1 392.490083 393.450083
1 393.471417 394.431417
1 394.452750 395.412750
1 395.434083 396.394083
1 396.415417 397.375396
1 397.396729 398.356729
1 398.378063 399.338062
1 399.359396 400.319396
1 400.340729 401.300729
1 401.322063 402.282062
1 402.303396 403.263396
1 403.284729 404.244729
1 404.266062 405.226063
1 405.247396 406.207396
1 406.228729 407.188729
1 407.210062 408.170062
1 408.191396 409.151396
1 409.172729 410.132708
1 410.154042 411.114042
1 411.135375 412.095375
1 412.116708 413.076708
1 413.098042 414.058042
1 414.079375 415.039375
1 415.060708 416.020708
1 416.042042 417.002042
1 417.023375 417.983375
1 418.004708 418.964708
1 418.986042 419.946042
1 419.967375 420.927375
1 420.948708 421.908708
1 421.930042 422.890042
1 422.911375 423.871354
1 423.892688 424.852688
1 424.874021 425.834021
1 425.855354 426.815354
1 426.836687 427.796688
1 427.818021 428.778021
1 428.799354 429.759354
1 429.780688 430.740687
1 430.762021 431.722021
1 431.743354 432.703354
1 432.724688 433.684688
1 433.706021 434.666021
1 434.687354 435.647354
1 435.668687 436.628688
1 436.650021 437.610000
1 437.631333 438.591333
1 438.612667 439.572667
1 439.594000 440.554000
1 440.575333 441.535333
1 441.556667 442.516667
1 442.538000 443.498000
1 443.519333 444.479333
1 444.500667 445.460667
1 445.482000 446.442000
1 446.463333 447.423333
1 447.444667 448.404667
1 448.426000 449.386000
1 449.407333 450.367333
1 450.388667 451.348667
1 451.370000 452.330000
1 452.351333 453.311333
1 453.332667 454.292646
1 454.313979 455.273979
1 455.295313 456.255313
1 456.276646 457.236646
1 457.257979 458.217979
1 458.239312 459.199313
1 459.220646 460.180646
1 460.201979 461.161979
1 461.183313 462.143312
1 462.164646 463.124646
1 463.145979 464.105979
1 464.127313 465.087313
1 465.108646 466.068646
1 466.089979 467.049958
1 467.071292 468.031292
1 468.052625 469.012625
1 469.033958 469.993958
1 470.015292 470.975292
1 470.996625 471.956625
1 471.977958 472.937958
1 472.959292 473.919292
1 473.940625 474.900625
1 474.921958 475.881958
1 475.903292 476.863292
1 476.884625 477.844625
1 477.865958 478.825958
1 478.847292 479.807292
1 479.828625 480.788604
1 480.809937 481.769938
1 481.791271 482.751271
1 482.772604 483.732604
1 483.753938 484.713937
1 484.735271 485.695271
1 485.716604 486.676604
1 486.697938 487.657938
1 487.679271 488.639271
1 488.660604 489.620604
1 489.641937 490.601938
1 490.623271 491.583271
1 491.604604 492.564604
1 492.585938 493.545917
1 493.567250 494.527250
1 494.548583 495.508583
1 495.529917 496.489917
1 496.511250 497.471250
1 497.492583 498.452583
1 498.473917 499.433917
1 499.455250 500.415250
1 500.436583 501.396583
1 501.417917 502.377917
1 502.399250 503.359250
1 503.380583 504.340583
1 504.361917 505.321917
1 505.343250 506.303250
1 506.324583 507.284562
1 507.305896 508.265896
1 508.287229 509.247229
1 509.268562 510.228563
1 510.249896 511.209896
1 511.231229 512.191229
1 512.212562 513.172563
1 513.193896 514.153896
1 514.175229 515.135229
1 515.156562 516.116562
1 516.137896 517.097896
1 517.119229 518.079229
1 518.100563 519.060562
1 519.081896 520.041896
1 520.063229 521.023208
1 521.044542 522.004542
1 522.025875 522.985875
1 523.007208 523.967208
1 523.988542 524.948542
1 524.969875 525.929875
1 525.951208 526.911208
1 526.932542 527.892542
1 527.913875 528.873875
1 528.895208 529.855208
1 529.876542 530.836542
1 530.857875 531.817875
1 531.839208 532.799208
1 532.820542 533.780521
1 533.801854 534.761854
1 534.783188 535.743187
1 535.764521 536.724521
1 536.745854 537.705854
1 537.727188 538.687188
1 538.708521 539.668521
1 539.689854 540.649854
1 540.671187 541.631188
1 541.652521 542.612521
1 542.633854 543.593854
1 543.615188 544.575187
1 544.596521 545.556521
1 545.577854 546.537854
1 546.559188 547.519167
1 547.540500 548.500500
1 548.521833 549.481833
1 549.503167 550.463167
1 550.484500 551.444500
1 551.465833 552.425833
1 552.447167 553.407167
1 553.428500 554.388500
1 554.409833 555.369833
1 555.391167 556.351167
1 556.372500 557.332500
1 557.353833 558.313833
1 558.335167 559.295167
1 559.316500 560.276500
1 560.297833 561.257833
1 561.279167 562.239167
1 562.260500 563.220500
1 563.241833 564.201812
1 564.223146 565.183146
1 565.204479 566.164479
1 566.185813 567.145813
1 567.167146 568.127146
1 568.148479 569.108479
1 569.129812 570.089812
1 570.111146 571.071146
1 571.092479 572.052479
1 572.073813 573.033812
1 573.055146 574.015146
1 574.036479 574.996479
1 575.017812 575.977813
1 575.999146 576.959125
1 576.980458 577.940458
1 577.961792 578.921792
1 578.943125 579.903125
1 579.924458 580.884458
1 580.905792 581.865792
1 581.887125 582.847125
1 582.868458 583.828458
1 583.849792 584.809792
1 584.831125 585.791125
1 585.812458 586.772458
1 586.793792 587.753792
1 587.775125 588.735125
1 588.756458 589.716458
1 589.737792 590.697771
1 590.719104 591.679104
1 591.700438 592.660437
1 592.681771 593.641771
1 593.663104 594.623104
1 594.644437 595.604438
1 595.625771 596.585771
1 596.607104 597.567104
1 597.588438 598.548437
1 598.569771 599.529771
1 599.551104 600.511104
1 600.532438 601.492438
1 601.513771 602.473771
1 602.495104 603.455104
1 603.476437 604.436417
1 604.457750 605.417750
1 605.439083 606.399083
1 606.420417 607.380417
1 607.401750 608.361750
1 608.383083 609.343083
1 609.364417 610.324417
1 610.345750 611.305750
1 611.327083 612.287083
1 612.308417 613.268417
1 613.289750 614.249750
1 614.271083 615.231083
1 615.252417 616.212417
1 616.233750 617.193729
1 617.215063 618.175062
1 618.196396 619.156396
1 619.177729 620.137729
1 620.159063 621.119063
1 621.140396 622.100396
1 622.121729 623.081729
1 623.103062 624.063063
1 624.084396 625.044396
1 625.065729 626.025729
1 626.047063 627.007062
1 627.028396 627.988396
1 628.009729 628.969729
1 628.991063 629.951063
1 629.972396 630.932375
1 630.953708 631.913708
1 631.935042 632.895042
1 632.916375 633.876375
1 633.897708 634.857708
1 634.879042 635.839042
1 635.860375 636.820375
1 636.841708 637.801708
1 637.823042 638.783042
1 638.804375 639.764375
1 639.785708 640.745708
1 640.767042 641.727042
1 641.748375 642.708375
1 642.729708 643.689687
1 643.711021 644.671021
1 644.692354 645.652354
1 645.673688 646.633687
1 646.655021 647.615021
1 647.636354 648.596354
1 648.617687 649.577688
1 649.599021 650.559021
1 650.580354 651.540354
1 651.561687 652.521687
1 652.543021 653.503021
1 653.524354 654.484354
1 654.505688 655.465687
1 655.487021 656.447021
1 656.468354 657.428333
1 657.449667 658.409667
1 658.431000 659.391000
1 659.412333 660.372333
1 660.393667 661.353667
1 661.375000 662.335000
1 662.356333 663.316333
1 663.337667 664.297667
1 664.319000 665.279000
1 665.300333 666.260333
1 666.281667 667.241667
1 667.263000 668.223000
1 668.244333 669.204333
1 669.225667 670.185667
1 670.207000 671.167000
1 671.188333 672.148333
1 672.169667 673.129667
1 673.151000 674.110979
1 674.132313 675.092313
1 675.113646 676.073646
1 676.094979 677.054979
1 677.076312 678.036313
1 678.057646 679.017646
1 679.038979 679.998979
1 680.020313 680.980312
1 681.001646 681.961646
1 681.982979 682.942979
1 682.964313 683.924313
1 683.945646 684.905646
1 684.926979 685.886979
1 685.908312 686.868313
1 686.889646 687.849625
1 687.870958 688.830958
1 688.852292 689.812292
1 689.833625 690.793625
1 690.814958 691.774958
1 691.796292 692.756292
1 692.777625 693.737625
1 693.758958 694.718958
1 694.740292 695.700292
1 695.721625 696.681625
1 696.702958 697.662958
1 697.684292 698.644292
1 698.665625 699.625625
1 699.646958 700.606937
1 700.628271 701.588271
1 701.609604 702.569604
1 702.590938 703.550938
1 703.572271 704.532271
1 704.553604 705.513604
1 705.534937 706.494937
1 706.516271 707.476271
1 707.497604 708.457604
1 708.478938 709.438937
1 709.460271 710.420271
1 710.441604 711.401604
1 711.422937 712.382938
1 712.404271 713.364271
1 713.385604 714.345583
1 714.366917 715.326917
1 715.348250 716.308250
1 716.329583 717.289583
1 717.310917 718.270917
1 718.292250 719.252250
1 719.273583 720.233583
1 720.254917 721.214917
1 721.236250 722.196250
1 722.217583 723.177583
1 723.198917 724.158917
1 724.180250 725.140250
1 725.161583 726.121583
1 726.142917 727.102896
1 727.124229 728.084229
1 728.105563 729.065563
1 729.086896 730.046896
1 730.068229 731.028229
1 731.049562 732.009563
1 732.030896 732.990896
1 733.012229 733.993563
