1 1436532783298048
4 1436532784279381
7 1436532785260714
10 1436532786242047
13 1436532787223380
16 1436532788204713
19 1436532789186046
22 1436532790167379
25 1436532791148712
28 1436532792130045
31 1436532793111378
34 1436532794092711
37 1436532795074044
40 1436532796055377
43 1436532797036710
46 1436532798018043
49 1436532798999376
52 1436532799980709
55 1436532800962042
58 1436532801943375
61 1436532802924708
64 1436532803906041
67 1436532804887374
70 1436532805868707
73 1436532806850040
76 1436532807831373
79 1436532808812706
82 1436532809794039
85 1436532810775372
88 1436532811756705
91 1436532812738038
94 1436532813719371
97 1436532814700704
100 1436532815682037
103 1436532816663370
106 1436532817644703
109 1436532818626036
112 1436532819607369
115 1436532820588702
118 1436532821570035
121 1436532822551368
124 1436532823532701
127 1436532824514034
130 1436532825495367
133 1436532826476700
136 1436532827458033
139 1436532828439366
142 1436532829420699
145 1436532830402032
148 1436532831383365
151 1436532832364698
154 1436532833346031
157 1436532834327364
160 1436532835308697
163 1436532836290030
166 1436532837271363
169 1436532838252696
172 1436532839234029
175 1436532840215362
178 1436532841196695
181 1436532842178028
184 1436532843159361
187 1436532844140694
190 1436532845122027
193 1436532846103360
196 1436532847084693
199 1436532848066026
202 1436532849047359
205 1436532850028692
208 1436532851010025
211 1436532851991358
214 1436532852972691
217 1436532853954024
220 1436532854935357
223 1436532855916690
226 1436532856898023
229 1436532857879356
232 1436532858860689
235 1436532859842022
238 1436532860823355
241 1436532861804688
244 1436532862786021
247 1436532863767354
250 1436532864748687
253 1436532865730020
256 1436532866711353
259 1436532867692686
262 1436532868674019
265 1436532869655352
268 1436532870636685
271 1436532871618018
274 1436532872599351
277 1436532873580684
280 1436532874562017
283 1436532875543350
286 1436532876524683
289 1436532877506016
292 1436532878487349
295 1436532879468682
298 1436532880450015
301 1436532881431348
304 1436532882412681
307 1436532883394014
310 1436532884375347
313 1436532885356680
316 1436532886338013
319 1436532887319346
322 1436532888300679
325 1436532889282012
328 1436532890263345
331 1436532891244678
334 1436532892226011
337 1436532893207344
340 1436532894188677
343 1436532895170010
346 1436532896151343
349 1436532897132676
352 1436532898114009
355 1436532899095342
358 1436532900076675
361 1436532901058008
364 1436532902039341
367 1436532903020674
370 1436532904002007
373 1436532904983340
376 1436532905964673
379 1436532906946006
382 1436532907927339
385 1436532908908672
388 1436532909890005
391 1436532910871338
394 1436532911852671
397 1436532912834004
400 1436532913815337
403 1436532914796670
406 1436532915778003
409 1436532916759336
412 1436532917740669
415 1436532918722002
418 1436532919703335
421 1436532920684668
424 1436532921666001
427 1436532922647334
430 1436532923628667
433 1436532924610000
436 1436532925591333
439 1436532926572666
442 1436532927553999
445 1436532928535332
448 1436532929516665
451 1436532930497998
454 1436532931479331
457 1436532932460664
460 1436532933441997
463 1436532934423330
466 1436532935404663
469 1436532936385996
472 1436532937367329
475 1436532938348662
478 1436532939329995
481 1436532940311328
484 1436532941292661
487 1436532942273994
490 1436532943255327
493 1436532944236660
496 1436532945217993
499 1436532946199326
502 1436532947180659
505 1436532948161992
508 1436532949143325
511 1436532950124658
514 1436532951105991
517 1436532952087324
520 1436532953068657
523 1436532954049990
526 1436532955031323
529 1436532956012656
532 1436532956993989
535 1436532957975322
538 1436532958956655
541 1436532959937988
544 1436532960919321
547 1436532961900654
550 1436532962881987
553 1436532963863320
556 1436532964844653
559 1436532965825986
562 1436532966807319
565 1436532967788652
568 1436532968769985
571 1436532969751318
574 1436532970732651
577 1436532971713984
580 1436532972695317
583 1436532973676650
586 1436532974657983
589 1436532975639316
592 1436532976620649
595 1436532977601982
598 1436532978583315
601 1436532979564648
604 1436532980545981
607 1436532981527314
610 1436532982508647
613 1436532983489980
616 1436532984471313
619 1436532985452646
622 1436532986433979
625 1436532987415312
628 1436532988396645
631 1436532989377978
634 1436532990359311
637 1436532991340644
640 1436532992321977
643 1436532993303310
646 1436532994284643
649 1436532995265976
652 1436532996247309
655 1436532997228642
658 1436532998209975
661 1436532999191308
664 1436533000172641
667 1436533001153974
670 1436533002135307
673 1436533003116640
676 1436533004097973
679 1436533005079306
682 1436533006060639
685 1436533007041972
688 1436533008023305
691 1436533009004638
694 1436533009985971
697 1436533010967304
700 1436533011948637
703 1436533012929970
706 1436533013911303
709 1436533014892636
712 1436533015873969
715 1436533016855302
718 1436533017836635
721 1436533018817968
724 1436533019799301
727 1436533020780634
730 1436533021761967
733 1436533022743300
736 1436533023724633
739 1436533024705966
742 1436533025687299
745 1436533026668632
748 1436533027649965
751 1436533028631298
754 1436533029612631
757 1436533030593964
760 1436533031575297
763 1436533032556630
766 1436533033537963
769 1436533034519296
772 1436533035500629
775 1436533036481962
778 1436533037463295
781 1436533038444628
784 1436533039425961
787 1436533040407294
790 1436533041388627
793 1436533042369960
796 1436533043351293
799 1436533044332626
802 1436533045313959
805 1436533046295292
808 1436533047276625
811 1436533048257958
814 1436533049239291
817 1436533050220624
820 1436533051201957
823 1436533052183290
826 1436533053164623
829 1436533054145956
832 1436533055127289
835 1436533056108622
838 1436533057089955
841 1436533058071288
844 1436533059052621
847 1436533060033954
850 1436533061015287
853 1436533061996620
856 1436533062977953
859 1436533063959286
862 1436533064940619
865 1436533065921952
868 1436533066903285
871 1436533067884618
874 1436533068865951
877 1436533069847284
880 1436533070828617
883 1436533071809950
886 1436533072791283
889 1436533073772616
892 1436533074753949
895 1436533075735282
898 1436533076716615
901 1436533077697948
904 1436533078679281
907 1436533079660614
910 1436533080641947
913 1436533081623280
916 1436533082604613
919 1436533083585946
922 1436533084567279
925 1436533085548612
928 1436533086529945
931 1436533087511278
934 1436533088492611
937 1436533089473944
940 1436533090455277
943 1436533091436610
946 1436533092417943
949 1436533093399276
952 1436533094380609
955 1436533095361942
958 1436533096343275
961 1436533097324608
964 1436533098305941
967 1436533099287274
970 1436533100268607
973 1436533101249940
976 1436533102231273
979 1436533103212606
982 1436533104193939
985 1436533105175272
988 1436533106156605
991 1436533107137938
994 1436533108119271
997 1436533109100604
1000 1436533110081937
1003 1436533111063270
1006 1436533112044603
1009 1436533113025936
1012 1436533114007269
1015 1436533114988602
1018 1436533115969935
1021 1436533116951268
1024 1436533117932601
1027 1436533118913934
1030 1436533119895267
1033 1436533120876600
1036 1436533121857933
1039 1436533122839266
1042 1436533123820599
1045 1436533124801932
1048 1436533125783265
1051 1436533126764598
1054 1436533127745931
1057 1436533128727264
1060 1436533129708597
1063 1436533130689930
1066 1436533131671263
1069 1436533132652596
1072 1436533133633929
1075 1436533134615262
1078 1436533135596595
1081 1436533136577928
1084 1436533137559261
1087 1436533138540594
1090 1436533139521927
1093 1436533140503260
1096 1436533141484593
1099 1436533142465926
1102 1436533143447259
1105 1436533144428592
1108 1436533145409925
1111 1436533146391258
1114 1436533147372591
1117 1436533148353924
1120 1436533149335257
1123 1436533150316590
1126 1436533151297923
1129 1436533152279256
1132 1436533153260589
1135 1436533154241922
1138 1436533155223255
1141 1436533156204588
1144 1436533157185921
1147 1436533158167254
1150 1436533159148587
1153 1436533160129920
1156 1436533161111253
1159 1436533162092586
1162 1436533163073919
1165 1436533164055252
1168 1436533165036585
1171 1436533166017918
1174 1436533166999251
1177 1436533167980584
1180 1436533168961917
1183 1436533169943250
1186 1436533170924583
1189 1436533171905916
1192 1436533172887249
1195 1436533173868582
1198 1436533174849915
1201 1436533175831248
1204 1436533176812581
1207 1436533177793914
1210 1436533178775247
1213 1436533179756580
1216 1436533180737913
1219 1436533181719246
1222 1436533182700579
1225 1436533183681912
1228 1436533184663245
1231 1436533185644578
1234 1436533186625911
1237 1436533187607244
1240 1436533188588577
1243 1436533189569910
1246 1436533190551243
1249 1436533191532576
1252 1436533192513909
1255 1436533193495242
1258 1436533194476575
1261 1436533195457908
1264 1436533196439241
1267 1436533197420574
1270 1436533198401907
1273 1436533199383240
1276 1436533200364573
1279 1436533201345906
1282 1436533202327239
1285 1436533203308572
1288 1436533204289905
1291 1436533205271238
1294 1436533206252571
1297 1436533207233904
1300 1436533208215237
1303 1436533209196570
1306 1436533210177903
1309 1436533211159236
1312 1436533212140569
1315 1436533213121902
1318 1436533214103235
1321 1436533215084568
1324 1436533216065901
1327 1436533217047234
1330 1436533218028567
1333 1436533219009900
1336 1436533219991233
1339 1436533220972566
1342 1436533221953899
1345 1436533222935232
1348 1436533223916565
1351 1436533224897898
1354 1436533225879231
1357 1436533226860564
1360 1436533227841897
1363 1436533228823230
1366 1436533229804563
1369 1436533230785896
1372 1436533231767229
1375 1436533232748562
1378 1436533233729895
1381 1436533234711228
1384 1436533235692561
1387 1436533236673894
1390 1436533237655227
1393 1436533238636560
1396 1436533239617893
1399 1436533240599226
1402 1436533241580559
1405 1436533242561892
1408 1436533243543225
1411 1436533244524558
1414 1436533245505891
1417 1436533246487224
1420 1436533247468557
1423 1436533248449890
1426 1436533249431223
1429 1436533250412556
1432 1436533251393889
1435 1436533252375222
1438 1436533253356555
1441 1436533254337888
1444 1436533255319221
1447 1436533256300554
1450 1436533257281887
1453 1436533258263220
1456 1436533259244553
1459 1436533260225886
1462 1436533261207219
1465 1436533262188552
1468 1436533263169885
1471 1436533264151218
1474 1436533265132551
1477 1436533266113884
1480 1436533267095217
1483 1436533268076550
1486 1436533269057883
1489 1436533270039216
1492 1436533271020549
1495 1436533272001882
1498 1436533272983215
1501 1436533273964548
1504 1436533274945881
1507 1436533275927214
1510 1436533276908547
1513 1436533277889880
1516 1436533278871213
1519 1436533279852546
1522 1436533280833879
1525 1436533281815212
1528 1436533282796545
1531 1436533283777878
1534 1436533284759211
1537 1436533285740544
1540 1436533286721877
1543 1436533287703210
1546 1436533288684543
1549 1436533289665876
1552 1436533290647209
1555 1436533291628542
1558 1436533292609875
1561 1436533293591208
1564 1436533294572541
1567 1436533295553874
1570 1436533296535207
1573 1436533297516540
1576 1436533298497873
1579 1436533299479206
1582 1436533300460539
1585 1436533301441872
1588 1436533302423205
1591 1436533303404538
1594 1436533304385871
1597 1436533305367204
1600 1436533306348537
1603 1436533307329870
1606 1436533308311203
1609 1436533309292536
1612 1436533310273869
1615 1436533311255202
1618 1436533312236535
1621 1436533313217868
1624 1436533314199201
1627 1436533315180534
1630 1436533316161867
1633 1436533317143200
1636 1436533318124533
1639 1436533319105866
1642 1436533320087199
1645 1436533321068532
1648 1436533322049865
1651 1436533323031198
1654 1436533324012531
1657 1436533324993864
1660 1436533325975197
1663 1436533326956530
1666 1436533327937863
1669 1436533328919196
1672 1436533329900529
1675 1436533330881862
1678 1436533331863195
1681 1436533332844528
1684 1436533333825861
1687 1436533334807194
1690 1436533335788527
1693 1436533336769860
1696 1436533337751193
1699 1436533338732526
1702 1436533339713859
1705 1436533340695192
1708 1436533341676525
1711 1436533342657858
1714 1436533343639191
1717 1436533344620524
1720 1436533345601857
1723 1436533346583190
1726 1436533347564523
1729 1436533348545856
1732 1436533349527189
1735 1436533350508522
1738 1436533351489855
1741 1436533352471188
1744 1436533353452521
1747 1436533354433854
1750 1436533355415187
1753 1436533356396520
1756 1436533357377853
1759 1436533358359186
1762 1436533359340519
1765 1436533360321852
1768 1436533361303185
1771 1436533362284518
1774 1436533363265851
1777 1436533364247184
1780 1436533365228517
1783 1436533366209850
1786 1436533367191183
1789 1436533368172516
1792 1436533369153849
1795 1436533370135182
1798 1436533371116515
1801 1436533372097848
1804 1436533373079181
1807 1436533374060514
1810 1436533375041847
1813 1436533376023180
1816 1436533377004513
1819 1436533377985846
1822 1436533378967179
1825 1436533379948512
1828 1436533380929845
1831 1436533381911178
1834 1436533382892511
1837 1436533383873844
1840 1436533384855177
1843 1436533385836510
1846 1436533386817843
1849 1436533387799176
1852 1436533388780509
1855 1436533389761842
1858 1436533390743175
1861 1436533391724508
1864 1436533392705841
1867 1436533393687174
1870 1436533394668507
1873 1436533395649840
1876 1436533396631173
1879 1436533397612506
1882 1436533398593839
1885 1436533399575172
1888 1436533400556505
1891 1436533401537838
1894 1436533402519171
1897 1436533403500504
1900 1436533404481837
1903 1436533405463170
1906 1436533406444503
1909 1436533407425836
1912 1436533408407169
1915 1436533409388502
1918 1436533410369835
1921 1436533411351168
1924 1436533412332501
1927 1436533413313834
1930 1436533414295167
1933 1436533415276500
1936 1436533416257833
1939 1436533417239166
1942 1436533418220499
1945 1436533419201832
1948 1436533420183165
1951 1436533421164498
1954 1436533422145831
1957 1436533423127164
1960 1436533424108497
1963 1436533425089830
1966 1436533426071163
1969 1436533427052496
1972 1436533428033829
1975 1436533429015162
1978 1436533429996495
1981 1436533430977828
1984 1436533431959161
1987 1436533432940494
1990 1436533433921827
1993 1436533434903160
1996 1436533435884493
1999 1436533436865826
2002 1436533437847159
2005 1436533438828492
2008 1436533439809825
2011 1436533440791158
2014 1436533441772491
2017 1436533442753824
2020 1436533443735157
2023 1436533444716490
2026 1436533445697823
2029 1436533446679156
2032 1436533447660489
2035 1436533448641822
2038 1436533449623155
2041 1436533450604488
2044 1436533451585821
2047 1436533452567154
2050 1436533453548487
2053 1436533454529820
2056 1436533455511153
2059 1436533456492486
2062 1436533457473819
2065 1436533458455152
2068 1436533459436485
2071 1436533460417818
2074 1436533461399151
2077 1436533462380484
2080 1436533463361817
2083 1436533464343150
2086 1436533465324483
2089 1436533466305816
2092 1436533467287149
2095 1436533468268482
2098 1436533469249815
2101 1436533470231148
2104 1436533471212481
2107 1436533472193814
2110 1436533473175147
2113 1436533474156480
2116 1436533475137813
2119 1436533476119146
2122 1436533477100479
2125 1436533478081812
2128 1436533479063145
2131 1436533480044478
2134 1436533481025811
2137 1436533482007144
2140 1436533482988477
2143 1436533483969810
2146 1436533484951143
2149 1436533485932476
2152 1436533486913809
2155 1436533487895142
2158 1436533488876475
2161 1436533489857808
2164 1436533490839141
2167 1436533491820474
2170 1436533492801807
2173 1436533493783140
2176 1436533494764473
2179 1436533495745806
2182 1436533496727139
2185 1436533497708472
2188 1436533498689805
2191 1436533499671138
2194 1436533500652471
2197 1436533501633804
2200 1436533502615137
2203 1436533503596470
2206 1436533504577803
2209 1436533505559136
2212 1436533506540469
2215 1436533507521802
2218 1436533508503135
2221 1436533509484468
2224 1436533510465801
2227 1436533511447134
2230 1436533512428467
2233 1436533513409800
2236 1436533514391133
2239 1436533515372466
2242 1436533516353799
2245 1436533517335132
