1 1441206138752625
3 1441206139752625
5 1441206140752625
7 1441206141752625
9 1441206142752625
11 1441206143752625
13 1441206144752625
15 1441206145752625
17 1441206146752625
19 1441206147752625
21 1441206148752625
23 1441206149752625
25 1441206150752625
27 1441206151752625
29 1441206152752625
31 1441206153752625
33 1441206154752625
35 1441206155752625
37 1441206156752625
39 1441206157752625
41 1441206158752625
43 1441206159752625
45 1441206160752625
47 1441206161752625
49 1441206162752625
51 1441206163752625
53 1441206164752625
55 1441206165752625
57 1441206166752625
59 1441206167752625
61 1441206168752625
63 1441206169752625
65 1441206170752625
67 1441206171752625
69 1441206172752625
71 1441206173752625
73 1441206174752625
75 1441206175752625
77 1441206176752625
79 1441206177752625
81 1441206178752625
83 1441206179752625
85 1441206180752625
87 1441206181752625
89 1441206182752625
91 1441206183752625
93 1441206184752625
95 1441206185752625
97 1441206186752625
99 1441206187752625
101 1441206188752625
103 1441206189752625
105 1441206190752625
107 1441206191752625
109 1441206192752625
111 1441206193752625
113 1441206194752625
115 1441206195752625
117 1441206196752625
119 1441206197752625
121 1441206198752625
123 1441206199752625
125 1441206200752625
127 1441206201752625
129 1441206202752625
131 1441206203752625
133 1441206204752625
135 1441206205752625
137 1441206206752625
139 1441206207752625
141 1441206208752625
143 1441206209752625
145 1441206210752625
147 1441206211752625
149 1441206212752625
151 1441206213752625
153 1441206214752625
155 1441206215752625
157 1441206216752625
159 1441206217752625
161 1441206218752625
163 1441206219752625
165 1441206220752625
167 1441206221752625
169 1441206222752625
171 1441206223752625
173 1441206224752625
175 1441206225752625
177 1441206226752625
179 1441206227752625
181 1441206228752625
183 1441206229752625
185 1441206230752625
187 1441206231752625
189 1441206232752625
191 1441206233752625
193 1441206234752625
195 1441206235752625
197 1441206236752625
199 1441206237752625
201 1441206238752625
203 1441206239752625
205 1441206240752625
207 1441206241752625
209 1441206242752625
211 1441206243752625
213 1441206244752625
215 1441206245752625
217 1441206246752625
219 1441206247752625
221 1441206248752625
223 1441206249752625
225 1441206250752625
227 1441206251752625
229 1441206252752625
231 1441206253752625
233 1441206254752625
235 1441206255752625
237 1441206256752625
239 1441206257752625
241 1441206258752625
243 1441206259752625
245 1441206260752625
247 1441206261752625
249 1441206262752625
251 1441206263752625
253 1441206264752625
255 1441206265752625
257 1441206266752625
259 1441206267752625
261 1441206268752625
263 1441206269752625
265 1441206270752625
267 1441206271752625
269 1441206272752625
271 1441206273752625
273 1441206274752625
275 1441206275752625
277 1441206276752625
279 1441206277752625
281 1441206278752625
283 1441206279752625
285 1441206280752625
287 1441206281752625
289 1441206282752625
291 1441206283752625
293 1441206284752625
295 1441206285752625
297 1441206286752625
299 1441206287752625
301 1441206288752625
303 1441206289752625
305 1441206290752625
307 1441206291752625
309 1441206292752625
311 1441206293752625
313 1441206294752625
315 1441206295752625
317 1441206296752625
319 1441206297752625
321 1441206298752625
323 1441206299752625
325 1441206300752625
327 1441206301752625
329 1441206302752625
331 1441206303752625
333 1441206304752625
335 1441206305752625
337 1441206306752625
339 1441206307752625
341 1441206308752625
343 1441206309752625
345 1441206310752625
347 1441206311752625
349 1441206312752625
351 1441206313752625
353 1441206314752625
355 1441206315752625
357 1441206316752625
359 1441206317752625
361 1441206318752625
363 1441206319752625
365 1441206320752625
367 1441206321752625
369 1441206322752625
371 1441206323752625
373 1441206324752625
375 1441206325752625
377 1441206326752625
379 1441206327752625
381 1441206328752625
383 1441206329752625
385 1441206330752625
387 1441206331752625
389 1441206332752625
391 1441206333752625
393 1441206334752625
395 1441206335752625
397 1441206336752625
399 1441206337752625
401 1441206338752625
403 1441206339752625
405 1441206340752625
407 1441206341752625
409 1441206342752625
411 1441206343752625
413 1441206344752625
415 1441206345752625
417 1441206346752625
419 1441206347752625
421 1441206348752625
423 1441206349752625
425 1441206350752625
427 1441206351752625
429 1441206352752625
431 1441206353752625
433 1441206354752625
435 1441206355752625
437 1441206356752625
439 1441206357752625
441 1441206358752625
443 1441206359752625
445 1441206360752625
447 1441206361752625
449 1441206362752625
451 1441206363752625
453 1441206364752625
455 1441206365752625
457 1441206366752625
459 1441206367752625
461 1441206368752625
463 1441206369752625
465 1441206370752625
467 1441206371752625
469 1441206372752625
471 1441206373752625
473 1441206374752625
475 1441206375752625
477 1441206376752625
479 1441206377752625
481 1441206378752625
483 1441206379752625
485 1441206380752625
487 1441206381752625
489 1441206382752625
491 1441206383752625
493 1441206384752625
495 1441206385752625
497 1441206386752625
499 1441206387752625
501 1441206388752625
503 1441206389752625
505 1441206390752625
507 1441206391752625
509 1441206392752625
511 1441206393752625
513 1441206394752625
515 1441206395752625
517 1441206396752625
519 1441206397752625
521 1441206398752625
523 1441206399752625
525 1441206400752625
527 1441206401752625
529 1441206402752625
531 1441206403752625
533 1441206404752625
535 1441206405752625
537 1441206406752625
539 1441206407752625
541 1441206408752625
543 1441206409752625
545 1441206410752625
547 1441206411752625
549 1441206412752625
551 1441206413752625
553 1441206414752625
555 1441206415752625
557 1441206416752625
559 1441206417752625
561 1441206418752625
563 1441206419752625
565 1441206420752625
567 1441206421752625
569 1441206422752625
571 1441206423752625
573 1441206424752625
575 1441206425752625
577 1441206426752625
579 1441206427752625
581 1441206428752625
583 1441206429752625
585 1441206430752625
587 1441206431752625
589 1441206432752625
591 1441206433752625
593 1441206434752625
595 1441206435752625
597 1441206436752625
599 1441206437752625
601 1441206438752625
603 1441206439752625
605 1441206440752625
607 1441206441752625
609 1441206442752625
611 1441206443752625
613 1441206444752625
615 1441206445752625
617 1441206446752625
619 1441206447752625
621 1441206448752625
623 1441206449752625
625 1441206450752625
627 1441206451752625
629 1441206452752625
631 1441206453752625
633 1441206454752625
635 1441206455752625
637 1441206456752625
639 1441206457752625
641 1441206458752625
643 1441206459752625
645 1441206460752625
647 1441206461752625
649 1441206462752625
651 1441206463752625
653 1441206464752625
655 1441206465752625
657 1441206466752625
659 1441206467752625
661 1441206468752625
663 1441206469752625
665 1441206470752625
667 1441206471752625
669 1441206472752625
671 1441206473752625
673 1441206474752625
675 1441206475752625
677 1441206476752625
679 1441206477752625
681 1441206478752625
683 1441206479752625
685 1441206480752625
687 1441206481752625
689 1441206482752625
691 1441206483752625
693 1441206484752625
695 1441206485752625
697 1441206486752625
699 1441206487752625
701 1441206488752625
703 1441206489752625
705 1441206490752625
707 1441206491752625
709 1441206492752625
711 1441206493752625
713 1441206494752625
715 1441206495752625
717 1441206496752625
719 1441206497752625
721 1441206498752625
723 1441206499752625
725 1441206500752625
727 1441206501752625
729 1441206502752625
731 1441206503752625
733 1441206504752625
735 1441206505752625
737 1441206506752625
739 1441206507752625
741 1441206508752625
743 1441206509752625
745 1441206510752625
747 1441206511752625
749 1441206512752625
751 1441206513752625
753 1441206514752625
755 1441206515752625
757 1441206516752625
759 1441206517752625
761 1441206518752625
763 1441206519752625
765 1441206520752625
767 1441206521752625
769 1441206522752625
771 1441206523752625
773 1441206524752625
775 1441206525752625
777 1441206526752625
779 1441206527752625
781 1441206528752625
783 1441206529752625
785 1441206530752625
787 1441206531752625
789 1441206532752625
791 1441206533752625
793 1441206534752625
795 1441206535752625
797 1441206536752625
799 1441206537752625
801 1441206538752625
803 1441206539752625
805 1441206540752625
807 1441206541752625
809 1441206542752625
811 1441206543752625
813 1441206544752625
815 1441206545752625
817 1441206546752625
819 1441206547752625
821 1441206548752625
823 1441206549752625
825 1441206550752625
827 1441206551752625
829 1441206552752625
831 1441206553752625
833 1441206554752625
835 1441206555752625
837 1441206556752625
839 1441206557752625
841 1441206558752625
843 1441206559752625
845 1441206560752625
847 1441206561752625
849 1441206562752625
851 1441206563752625
853 1441206564752625
855 1441206565752625
857 1441206566752625
859 1441206567752625
861 1441206568752625
863 1441206569752625
865 1441206570752625
867 1441206571752625
869 1441206572752625
871 1441206573752625
873 1441206574752625
875 1441206575752625
877 1441206576752625
879 1441206577752625
881 1441206578752625
883 1441206579752625
885 1441206580752625
887 1441206581752625
889 1441206582752625
891 1441206583752625
893 1441206584752625
895 1441206585752625
897 1441206586752625
899 1441206587752625
901 1441206588752625
903 1441206589752625
905 1441206590752625
907 1441206591752625
909 1441206592752625
911 1441206593752625
913 1441206594752625
915 1441206595752625
917 1441206596752625
919 1441206597752625
921 1441206598752625
923 1441206599752625
925 1441206600752625
927 1441206601752625
929 1441206602752625
931 1441206603752625
933 1441206604752625
935 1441206605752625
937 1441206606752625
939 1441206607752625
941 1441206608752625
943 1441206609752625
945 1441206610752625
947 1441206611752625
949 1441206612752625
951 1441206613752625
953 1441206614752625
955 1441206615752625
957 1441206616752625
959 1441206617752625
961 1441206618752625
963 1441206619752625
965 1441206620752625
967 1441206621752625
969 1441206622752625
971 1441206623752625
973 1441206624752625
975 1441206625752625
977 1441206626752625
979 1441206627752625
981 1441206628752625
983 1441206629752625
985 1441206630752625
987 1441206631752625
989 1441206632752625
991 1441206633752625
993 1441206634752625
995 1441206635752625
997 1441206636752625
999 1441206637752625
1001 1441206638752625
1003 1441206639752625
1005 1441206640752625
1007 1441206641752625
1009 1441206642752625
1011 1441206643752625
1013 1441206644752625
1015 1441206645752625
1017 1441206646752625
1019 1441206647752625
1021 1441206648752625
1023 1441206649752625
1025 1441206650752625
1027 1441206651752625
1029 1441206652752625
1031 1441206653752625
1033 1441206654752625
1035 1441206655752625
1037 1441206656752625
1039 1441206657752625
1041 1441206658752625
1043 1441206659752625
1045 1441206660752625
1047 1441206661752625
1049 1441206662752625
1051 1441206663752625
1053 1441206664752625
1055 1441206665752625
1057 1441206666752625
1059 1441206667752625
1061 1441206668752625
1063 1441206669752625
1065 1441206670752625
1067 1441206671752625
1069 1441206672752625
1071 1441206673752625
1073 1441206674752625
1075 1441206675752625
1077 1441206676752625
1079 1441206677752625
1081 1441206678752625
1083 1441206679752625
1085 1441206680752625
1087 1441206681752625
1089 1441206682752625
1091 1441206683752625
1093 1441206684752625
1095 1441206685752625
1097 1441206686752625
1099 1441206687752625
1101 1441206688752625
1103 1441206689752625
1105 1441206690752625
1107 1441206691752625
1109 1441206692752625
1111 1441206693752625
1113 1441206694752625
1115 1441206695752625
1117 1441206696752625
1119 1441206697752625
1121 1441206698752625
1123 1441206699752625
1125 1441206700752625
1127 1441206701752625
1129 1441206702752625
1131 1441206703752625
1133 1441206704752625
1135 1441206705752625
1137 1441206706752625
1139 1441206707752625
1141 1441206708752625
1143 1441206709752625
1145 1441206710752625
1147 1441206711752625
1149 1441206712752625
1151 1441206713752625
1153 1441206714752625
1155 1441206715752625
1157 1441206716752625
1159 1441206717752625
1161 1441206718752625
1163 1441206719752625
1165 1441206720752625
1167 1441206721752625
1169 1441206722752625
1171 1441206723752625
1173 1441206724752625
1175 1441206725752625
1177 1441206726752625
1179 1441206727752625
1181 1441206728752625
1183 1441206729752625
1185 1441206730752625
1187 1441206731752625
1189 1441206732752625
1191 1441206733752625
1193 1441206734752625
1195 1441206735752625
1197 1441206736752625
1199 1441206737752625
1201 1441206738752625
1203 1441206739752625
1205 1441206740752625
1207 1441206741752625
1209 1441206742752625
1211 1441206743752625
1213 1441206744752625
1215 1441206745752625
1217 1441206746752625
1219 1441206747752625
1221 1441206748752625
1223 1441206749752625
1225 1441206750752625
1227 1441206751752625
1229 1441206752752625
1231 1441206753752625
1233 1441206754752625
1235 1441206755752625
1237 1441206756752625
1239 1441206757752625
1241 1441206758752625
1243 1441206759752625
1245 1441206760752625
1247 1441206761752625
1249 1441206762752625
1251 1441206763752625
1253 1441206764752625
1255 1441206765752625
1257 1441206766752625
1259 1441206767752625
1261 1441206768752625
1263 1441206769752625
1265 1441206770752625
1267 1441206771752625
1269 1441206772752625
1271 1441206773752625
1273 1441206774752625
1275 1441206775752625
1277 1441206776752625
1279 1441206777752625
1281 1441206778752625
1283 1441206779752625
1285 1441206780752625
1287 1441206781752625
1289 1441206782752625
1291 1441206783752625
1293 1441206784752625
1295 1441206785752625
1297 1441206786752625
1299 1441206787752625
1301 1441206788752625
1303 1441206789752625
1305 1441206790752625
1307 1441206791752625
1309 1441206792752625
1311 1441206793752625
1313 1441206794752625
1315 1441206795752625
1317 1441206796752625
1319 1441206797752625
1321 1441206798752625
1323 1441206799752625
1325 1441206800752625
1327 1441206801752625
1329 1441206802752625
1331 1441206803752625
1333 1441206804752625
1335 1441206805752625
1337 1441206806752625
1339 1441206807752625
1341 1441206808752625
1343 1441206809752625
1345 1441206810752625
1347 1441206811752625
1349 1441206812752625
1351 1441206813752625
1353 1441206814752625
1355 1441206815752625
1357 1441206816752625
1359 1441206817752625
1361 1441206818752625
1363 1441206819752625
1365 1441206820752625
1367 1441206821752625
1369 1441206822752625
1371 1441206823752625
1373 1441206824752625
1375 1441206825752625
1377 1441206826752625
1379 1441206827752625
1381 1441206828752625
1383 1441206829752625
1385 1441206830752625
1387 1441206831752625
1389 1441206832752625
1391 1441206833752625
1393 1441206834752625
1395 1441206835752625
1397 1441206836752625
1399 1441206837752625
1401 1441206838752625
1403 1441206839752625
1405 1441206840752625
1407 1441206841752625
1409 1441206842752625
1411 1441206843752625
1413 1441206844752625
1415 1441206845752625
1417 1441206846752625
1419 1441206847752625
1421 1441206848752625
1423 1441206849752625
1425 1441206850752625
1427 1441206851752625
1429 1441206852752625
1431 1441206853752625
1433 1441206854752625
1435 1441206855752625
1437 1441206856752625
1439 1441206857752625
1441 1441206858752625
1443 1441206859752625
1445 1441206860752625
1447 1441206861752625
1449 1441206862752625
1451 1441206863752625
1453 1441206864752625
1455 1441206865752625
1457 1441206866752625
1459 1441206867752625
1461 1441206868752625
1463 1441206869752625
1465 1441206870752625
1467 1441206871752625
1469 1441206872752625
