0
1
1 1986618469
735
1 0.000000 0.958333
1 1.000000 1.958333
1 2.000000 2.958333
1 3.000000 3.958333
1 4.000000 4.958333
1 5.000000 5.958333
1 6.000000 6.958333
1 7.000000 7.958333
1 8.000000 8.958333
1 9.000000 9.958333
1 10.000000 10.958333
1 11.000000 11.958333
1 12.000000 12.958333
1 13.000000 13.958333
1 14.000000 14.958333
1 15.000000 15.958333
1 16.000000 16.958333
1 17.000000 17.958333
1 18.000000 18.958333
1 19.000000 19.958333
1 20.000000 20.958333
1 21.000000 21.958333
1 22.000000 22.958333
1 23.000000 23.958333
1 24.000000 24.958333
1 25.000000 25.958333
1 26.000000 26.958333
1 27.000000 27.958333
1 28.000000 28.958333
1 29.000000 29.958333
1 30.000000 30.958333
1 31.000000 31.958333
1 32.000000 32.958333
1 33.000000 33.958333
1 34.000000 34.958333
1 35.000000 35.958333
1 36.000000 36.958333
1 37.000000 37.958333
1 38.000000 38.958333
1 39.000000 39.958333
1 40.000000 40.958333
1 41.000000 41.958333
1 42.000000 42.958333
1 43.000000 43.958333
1 44.000000 44.958333
1 45.000000 45.958333
1 46.000000 46.958333
1 47.000000 47.958333
1 48.000000 48.958333
1 49.000000 49.958333
1 50.000000 50.958333
1 51.000000 51.958333
1 52.000000 52.958333
1 53.000000 53.958333
1 54.000000 54.958333
1 55.000000 55.958333
1 56.000000 56.958333
1 57.000000 57.958333
1 58.000000 58.958333
1 59.000000 59.958333
1 60.000000 60.958333
1 61.000000 61.958333
1 62.000000 62.958333
1 63.000000 63.958333
1 64.000000 64.958333
1 65.000000 65.958333
1 66.000000 66.958333
1 67.000000 67.958333
1 68.000000 68.958333
1 69.000000 69.958333
1 70.000000 70.958333
1 71.000000 71.958333
1 72.000000 72.958333
1 73.000000 73.958333
1 74.000000 74.958333
1 75.000000 75.958333
1 76.000000 76.958333
1 77.000000 77.958333
1 78.000000 78.958333
1 79.000000 79.958333
1 80.000000 80.958333
1 81.000000 81.958333
1 82.000000 82.958333
1 83.000000 83.958333
1 84.000000 84.958333
1 85.000000 85.958333
1 86.000000 86.958333
1 87.000000 87.958333
1 88.000000 88.958333
1 89.000000 89.958333
1 90.000000 90.958333
1 91.000000 91.958333
1 92.000000 92.958333
1 93.000000 93.958333
1 94.000000 94.958333
1 95.000000 95.958333
1 96.000000 96.958333
1 97.000000 97.958333
1 98.000000 98.958333
1 99.000000 99.958333
1 100.000000 100.958333
1 101.000000 101.958333
1 102.000000 102.958333
1 103.000000 103.958333
1 104.000000 104.958333
1 105.000000 105.958333
1 106.000000 106.958333
1 107.000000 107.958333
1 108.000000 108.958333
1 109.000000 109.958333
1 110.000000 110.958333
1 111.000000 111.958333
1 112.000000 112.958333
1 113.000000 113.958333
1 114.000000 114.958333
1 115.000000 115.958333
1 116.000000 116.958333
1 117.000000 117.958333
1 118.000000 118.958333
1 119.000000 119.958333
1 120.000000 120.958333
1 121.000000 121.958333
1 122.000000 122.958333
1 123.000000 123.958333
1 124.000000 124.958333
1 125.000000 125.958333
1 126.000000 126.958333
1 127.000000 127.958333
1 128.000000 128.958333
1 129.000000 129.958333
1 130.000000 130.958333
1 131.000000 131.958333
1 132.000000 132.958333
1 133.000000 133.958333
1 134.000000 134.958333
1 135.000000 135.958333
1 136.000000 136.958333
1 137.000000 137.958333
1 138.000000 138.958333
1 139.000000 139.958333
1 140.000000 140.958333
1 141.000000 141.958333
1 142.000000 142.958333
1 143.000000 143.958333
1 144.000000 144.958333
1 145.000000 145.958333
1 146.000000 146.958333
1 147.000000 147.958333
1 148.000000 148.958333
1 149.000000 149.958333
1 150.000000 150.958333
1 151.000000 151.958333
1 152.000000 152.958333
1 153.000000 153.958333
1 154.000000 154.958333
1 155.000000 155.958333
1 156.000000 156.958333
1 157.000000 157.958333
1 158.000000 158.958333
1 159.000000 159.958333
1 160.000000 160.958333
1 161.000000 161.958333
1 162.000000 162.958333
1 163.000000 163.958333
1 164.000000 164.958333
1 165.000000 165.958333
1 166.000000 166.958333
1 167.000000 167.958333
1 168.000000 168.958333
1 169.000000 169.958333
1 170.000000 170.958333
1 171.000000 171.958333
1 172.000000 172.958333
1 173.000000 173.958333
1 174.000000 174.958333
1 175.000000 175.958333
1 176.000000 176.958333
1 177.000000 177.958333
1 178.000000 178.958333
1 179.000000 179.958333
1 180.000000 180.958333
1 181.000000 181.958333
1 182.000000 182.958333
1 183.000000 183.958333
1 184.000000 184.958333
1 185.000000 185.958333
1 186.000000 186.958333
1 187.000000 187.958333
1 188.000000 188.958333
1 189.000000 189.958333
1 190.000000 190.958333
1 191.000000 191.958333
1 192.000000 192.958333
1 193.000000 193.958333
1 194.000000 194.958333
1 195.000000 195.958333
1 196.000000 196.958333
1 197.000000 197.958333
1 198.000000 198.958333
1 199.000000 199.958333
1 200.000000 200.958333
1 201.000000 201.958333
1 202.000000 202.958333
1 203.000000 203.958333
1 204.000000 204.958333
1 205.000000 205.958333
1 206.000000 206.958333
1 207.000000 207.958333
1 208.000000 208.958333
1 209.000000 209.958333
1 210.000000 210.958333
1 211.000000 211.958333
1 212.000000 212.958333
1 213.000000 213.958333
1 214.000000 214.958333
1 215.000000 215.958333
1 216.000000 216.958333
1 217.000000 217.958333
1 218.000000 218.958333
1 219.000000 219.958333
1 220.000000 220.958333
1 221.000000 221.958333
1 222.000000 222.958333
1 223.000000 223.958333
1 224.000000 224.958333
1 225.000000 225.958333
1 226.000000 226.958333
1 227.000000 227.958333
1 228.000000 228.958333
1 229.000000 229.958333
1 230.000000 230.958333
1 231.000000 231.958333
1 232.000000 232.958333
1 233.000000 233.958333
1 234.000000 234.958333
1 235.000000 235.958333
1 236.000000 236.958333
1 237.000000 237.958333
1 238.000000 238.958333
1 239.000000 239.958333
1 240.000000 240.958333
1 241.000000 241.958333
1 242.000000 242.958333
1 243.000000 243.958333
1 244.000000 244.958333
1 245.000000 245.958333
1 246.000000 246.958333
1 247.000000 247.958333
1 248.000000 248.958333
1 249.000000 249.958333
1 250.000000 250.958333
1 251.000000 251.958333
1 252.000000 252.958333
1 253.000000 253.958333
1 254.000000 254.958333
1 255.000000 255.958333
1 256.000000 256.958333
1 257.000000 257.958333
1 258.000000 258.958333
1 259.000000 259.958333
1 260.000000 260.958333
1 261.000000 261.958333
1 262.000000 262.958333
1 263.000000 263.958333
1 264.000000 264.958333
1 265.000000 265.958333
1 266.000000 266.958333
1 267.000000 267.958333
1 268.000000 268.958333
1 269.000000 269.958333
1 270.000000 270.958333
1 271.000000 271.958333
1 272.000000 272.958333
1 273.000000 273.958333
1 274.000000 274.958333
1 275.000000 275.958333
1 276.000000 276.958333
1 277.000000 277.958333
1 278.000000 278.958333
1 279.000000 279.958333
1 280.000000 280.958333
1 281.000000 281.958333
1 282.000000 282.958333
1 283.000000 283.958333
1 284.000000 284.958333
1 285.000000 285.958333
1 286.000000 286.958333
1 287.000000 287.958333
1 288.000000 288.958333
1 289.000000 289.958333
1 290.000000 290.958333
1 291.000000 291.958333
1 292.000000 292.958333
1 293.000000 293.958333
1 294.000000 294.958333
1 295.000000 295.958333
1 296.000000 296.958333
1 297.000000 297.958333
1 298.000000 298.958333
1 299.000000 299.958333
1 300.000000 300.958333
1 301.000000 301.958333
1 302.000000 302.958333
1 303.000000 303.958333
1 304.000000 304.958333
1 305.000000 305.958333
1 306.000000 306.958333
1 307.000000 307.958333
1 308.000000 308.958333
1 309.000000 309.958333
1 310.000000 310.958333
1 311.000000 311.958333
1 312.000000 312.958333
1 313.000000 313.958333
1 314.000000 314.958333
1 315.000000 315.958333
1 316.000000 316.958333
1 317.000000 317.958333
1 318.000000 318.958333
1 319.000000 319.958333
1 320.000000 320.958333
1 321.000000 321.958333
1 322.000000 322.958333
1 323.000000 323.958333
1 324.000000 324.958333
1 325.000000 325.958333
1 326.000000 326.958333
1 327.000000 327.958333
1 328.000000 328.958333
1 329.000000 329.958333
1 330.000000 330.958333
1 331.000000 331.958333
1 332.000000 332.958333
1 333.000000 333.958333
1 334.000000 334.958333
1 335.000000 335.958333
1 336.000000 336.958333
1 337.000000 337.958333
1 338.000000 338.958333
1 339.000000 339.958333
1 340.000000 340.958333
1 341.000000 341.958333
1 342.000000 342.958333
1 343.000000 343.958333
1 344.000000 344.958333
1 345.000000 345.958333
1 346.000000 346.958333
1 347.000000 347.958333
1 348.000000 348.958333
1 349.000000 349.958333
1 350.000000 350.958333
1 351.000000 351.958333
1 352.000000 352.958333
1 353.000000 353.958333
1 354.000000 354.958333
1 355.000000 355.958333
1 356.000000 356.958333
1 357.000000 357.958333
1 358.000000 358.958333
1 359.000000 359.958333
1 360.000000 360.958333
1 361.000000 361.958333
1 362.000000 362.958333
1 363.000000 363.958333
1 364.000000 364.958333
1 365.000000 365.958333
1 366.000000 366.958333
1 367.000000 367.958333
1 368.000000 368.958333
1 369.000000 369.958333
1 370.000000 370.958333
1 371.000000 371.958333
1 372.000000 372.958333
1 373.000000 373.958333
1 374.000000 374.958333
1 375.000000 375.958333
1 376.000000 376.958333
1 377.000000 377.958333
1 378.000000 378.958333
1 379.000000 379.958333
1 380.000000 380.958333
1 381.000000 381.958333
1 382.000000 382.958333
1 383.000000 383.958333
1 384.000000 384.958333
1 385.000000 385.958333
1 386.000000 386.958333
1 387.000000 387.958333
1 388.000000 388.958333
1 389.000000 389.958333
1 390.000000 390.958333
1 391.000000 391.958333
1 392.000000 392.958333
1 393.000000 393.958333
1 394.000000 394.958333
1 395.000000 395.958333
1 396.000000 396.958333
1 397.000000 397.958333
1 398.000000 398.958333
1 399.000000 399.958333
1 400.000000 400.958333
1 401.000000 401.958333
1 402.000000 402.958333
1 403.000000 403.958333
1 404.000000 404.958333
1 405.000000 405.958333
1 406.000000 406.958333
1 407.000000 407.958333
1 408.000000 408.958333
1 409.000000 409.958333
1 410.000000 410.958333
1 411.000000 411.958333
1 412.000000 412.958333
1 413.000000 413.958333
1 414.000000 414.958333
1 415.000000 415.958333
1 416.000000 416.958333
1 417.000000 417.958333
1 418.000000 418.958333
1 419.000000 419.958333
1 420.000000 420.958333
1 421.000000 421.958333
1 422.000000 422.958333
1 423.000000 423.958333
1 424.000000 424.958333
1 425.000000 425.958333
1 426.000000 426.958333
1 427.000000 427.958333
1 428.000000 428.958333
1 429.000000 429.958333
1 430.000000 430.958333
1 431.000000 431.958333
1 432.000000 432.958333
1 433.000000 433.958333
1 434.000000 434.958333
1 435.000000 435.958333
1 436.000000 436.958333
1 437.000000 437.958333
1 438.000000 438.958333
1 439.000000 439.958333
1 440.000000 440.958333
1 441.000000 441.958333
1 442.000000 442.958333
1 443.000000 443.958333
1 444.000000 444.958333
1 445.000000 445.958333
1 446.000000 446.958333
1 447.000000 447.958333
1 448.000000 448.958333
1 449.000000 449.958333
1 450.000000 450.958333
1 451.000000 451.958333
1 452.000000 452.958333
1 453.000000 453.958333
1 454.000000 454.958333
1 455.000000 455.958333
1 456.000000 456.958333
1 457.000000 457.958333
1 458.000000 458.958333
1 459.000000 459.958333
1 460.000000 460.958333
1 461.000000 461.958333
1 462.000000 462.958333
1 463.000000 463.958333
1 464.000000 464.958333
1 465.000000 465.958333
1 466.000000 466.958333
1 467.000000 467.958333
1 468.000000 468.958333
1 469.000000 469.958333
1 470.000000 470.958333
1 471.000000 471.958333
1 472.000000 472.958333
1 473.000000 473.958333
1 474.000000 474.958333
1 475.000000 475.958333
1 476.000000 476.958333
1 477.000000 477.958333
1 478.000000 478.958333
1 479.000000 479.958333
1 480.000000 480.958333
1 481.000000 481.958333
1 482.000000 482.958333
1 483.000000 483.958333
1 484.000000 484.958333
1 485.000000 485.958333
1 486.000000 486.958333
1 487.000000 487.958333
1 488.000000 488.958333
1 489.000000 489.958333
1 490.000000 490.958333
1 491.000000 491.958333
1 492.000000 492.958333
1 493.000000 493.958333
1 494.000000 494.958333
1 495.000000 495.958333
1 496.000000 496.958333
1 497.000000 497.958333
1 498.000000 498.958333
1 499.000000 499.958333
1 500.000000 500.958333
1 501.000000 501.958333
1 502.000000 502.958333
1 503.000000 503.958333
1 504.000000 504.958333
1 505.000000 505.958333
1 506.000000 506.958333
1 507.000000 507.958333
1 508.000000 508.958333
1 509.000000 509.958333
1 510.000000 510.958333
1 511.000000 511.958333
1 512.000000 512.958333
1 513.000000 513.958333
1 514.000000 514.958333
1 515.000000 515.958333
1 516.000000 516.958333
1 517.000000 517.958333
1 518.000000 518.958333
1 519.000000 519.958333
1 520.000000 520.958333
1 521.000000 521.958333
1 522.000000 522.958333
1 523.000000 523.958333
1 524.000000 524.958333
1 525.000000 525.958333
1 526.000000 526.958333
1 527.000000 527.958333
1 528.000000 528.958333
1 529.000000 529.958333
1 530.000000 530.958333
1 531.000000 531.958333
1 532.000000 532.958333
1 533.000000 533.958333
1 534.000000 534.958333
1 535.000000 535.958333
1 536.000000 536.958333
1 537.000000 537.958333
1 538.000000 538.958333
1 539.000000 539.958333
1 540.000000 540.958333
1 541.000000 541.958333
1 542.000000 542.958333
1 543.000000 543.958333
1 544.000000 544.958333
1 545.000000 545.958333
1 546.000000 546.958333
1 547.000000 547.958333
1 548.000000 548.958333
1 549.000000 549.958333
1 550.000000 550.958333
1 551.000000 551.958333
1 552.000000 552.958333
1 553.000000 553.958333
1 554.000000 554.958333
1 555.000000 555.958333
1 556.000000 556.958333
1 557.000000 557.958333
1 558.000000 558.958333
1 559.000000 559.958333
1 560.000000 560.958333
1 561.000000 561.958333
1 562.000000 562.958333
1 563.000000 563.958333
1 564.000000 564.958333
1 565.000000 565.958333
1 566.000000 566.958333
1 567.000000 567.958333
1 568.000000 568.958333
1 569.000000 569.958333
1 570.000000 570.958333
1 571.000000 571.958333
1 572.000000 572.958333
1 573.000000 573.958333
1 574.000000 574.958333
1 575.000000 575.958333
1 576.000000 576.958333
1 577.000000 577.958333
1 578.000000 578.958333
1 579.000000 579.958333
1 580.000000 580.958333
1 581.000000 581.958333
1 582.000000 582.958333
1 583.000000 583.958333
1 584.000000 584.958333
1 585.000000 585.958333
1 586.000000 586.958333
1 587.000000 587.958333
1 588.000000 588.958333
1 589.000000 589.958333
1 590.000000 590.958333
1 591.000000 591.958333
1 592.000000 592.958333
1 593.000000 593.958333
1 594.000000 594.958333
1 595.000000 595.958333
1 596.000000 596.958333
1 597.000000 597.958333
1 598.000000 598.958333
1 599.000000 599.958333
1 600.000000 600.958333
1 601.000000 601.958333
1 602.000000 602.958333
1 603.000000 603.958333
1 604.000000 604.958333
1 605.000000 605.958333
1 606.000000 606.958333
1 607.000000 607.958333
1 608.000000 608.958333
1 609.000000 609.958333
1 610.000000 610.958333
1 611.000000 611.958333
1 612.000000 612.958333
1 613.000000 613.958333
1 614.000000 614.958333
1 615.000000 615.958333
1 616.000000 616.958333
1 617.000000 617.958333
1 618.000000 618.958333
1 619.000000 619.958333
1 620.000000 620.958333
1 621.000000 621.958333
1 622.000000 622.958333
1 623.000000 623.958333
1 624.000000 624.958333
1 625.000000 625.958333
1 626.000000 626.958333
1 627.000000 627.958333
1 628.000000 628.958333
1 629.000000 629.958333
1 630.000000 630.958333
1 631.000000 631.958333
1 632.000000 632.958333
1 633.000000 633.958333
1 634.000000 634.958333
1 635.000000 635.958333
1 636.000000 636.958333
1 637.000000 637.958333
1 638.000000 638.958333
1 639.000000 639.958333
1 640.000000 640.958333
1 641.000000 641.958333
1 642.000000 642.958333
1 643.000000 643.958333
1 644.000000 644.958333
1 645.000000 645.958333
1 646.000000 646.958333
1 647.000000 647.958333
1 648.000000 648.958333
1 649.000000 649.958333
1 650.000000 650.958333
1 651.000000 651.958333
1 652.000000 652.958333
1 653.000000 653.958333
1 654.000000 654.958333
1 655.000000 655.958333
1 656.000000 656.958333
1 657.000000 657.958333
1 658.000000 658.958333
1 659.000000 659.958333
1 660.000000 660.958333
1 661.000000 661.958333
1 662.000000 662.958333
1 663.000000 663.958333
1 664.000000 664.958333
1 665.000000 665.958333
1 666.000000 666.958333
1 667.000000 667.958333
1 668.000000 668.958333
1 669.000000 669.958333
1 670.000000 670.958333
1 671.000000 671.958333
1 672.000000 672.958333
1 673.000000 673.958333
1 674.000000 674.958333
1 675.000000 675.958333
1 676.000000 676.958333
1 677.000000 677.958333
1 678.000000 678.958333
1 679.000000 679.958333
1 680.000000 680.958333
1 681.000000 681.958333
1 682.000000 682.958333
1 683.000000 683.958333
1 684.000000 684.958333
1 685.000000 685.958333
1 686.000000 686.958333
1 687.000000 687.958333
1 688.000000 688.958333
1 689.000000 689.958333
1 690.000000 690.958333
1 691.000000 691.958333
1 692.000000 692.958333
1 693.000000 693.958333
1 694.000000 694.958333
1 695.000000 695.958333
1 696.000000 696.958333
1 697.000000 697.958333
1 698.000000 698.958333
1 699.000000 699.958333
1 700.000000 700.958333
1 701.000000 701.958333
1 702.000000 702.958333
1 703.000000 703.958333
1 704.000000 704.958333
1 705.000000 705.958333
1 706.000000 706.958333
1 707.000000 707.958333
1 708.000000 708.958333
1 709.000000 709.958333
1 710.000000 710.958333
1 711.000000 711.958333
1 712.000000 712.958333
1 713.000000 713.958333
1 714.000000 714.958333
1 715.000000 715.958333
1 716.000000 716.958333
1 717.000000 717.958333
1 718.000000 718.958333
1 719.000000 719.958333
1 720.000000 720.958333
1 721.000000 721.958333
1 722.000000 722.958333
1 723.000000 723.958333
1 724.000000 724.958333
1 725.000000 725.958333
1 726.000000 726.958333
1 727.000000 727.958333
1 728.000000 728.958333
1 729.000000 729.958333
1 730.000000 730.958333
1 731.000000 731.958333
1 732.000000 732.958333
1 733.000000 733.958333
1 734.000000 734.125000
