0
1
1 1936684398
736
1 0.000000 0.928798
1 0.952018 1.927256
1 1.950476 2.925714
1 2.948934 3.924172
1 3.947392 4.922630
1 4.945850 5.921088
1 5.944308 6.919546
1 6.942766 7.918005
1 7.941224 8.916463
1 8.939683 9.914921
1 9.938141 10.913379
1 10.936599 11.911837
1 11.935057 12.910295
1 12.933515 13.908753
1 13.931973 14.907211
1 14.930431 15.905669
1 15.928889 16.904127
1 16.927347 17.902585
1 17.925805 18.901043
1 18.924263 19.899501
1 19.922721 20.897959
1 20.921179 21.896417
1 21.919637 22.894875
1 22.918095 23.893333
1 23.916553 24.891791
1 24.915011 25.890249
1 25.913469 26.888707
1 26.911927 27.887166
1 27.910385 28.885624
1 28.908844 29.884082
1 29.907302 30.882540
1 30.905760 31.880998
1 31.904218 32.879456
1 32.902676 33.877914
1 33.901134 34.876372
1 34.899592 35.874830
1 35.898050 36.873288
1 36.896508 37.871746
1 37.894966 38.870204
1 38.893424 39.868662
1 39.891882 40.867120
1 40.890340 41.865578
1 41.888798 42.864036
1 42.887256 43.862494
1 43.885714 44.860952
1 44.884172 45.859410
1 45.882630 46.857868
1 46.881088 47.856327
1 47.879546 48.854785
1 48.878005 49.853243
1 49.876463 50.851701
1 50.874921 51.850159
1 51.873379 52.848617
1 52.871837 53.847075
1 53.870295 54.845533
1 54.868753 55.843991
1 55.867211 56.842449
1 56.865669 57.840907
1 57.864127 58.839365
1 58.862585 59.837823
1 59.861043 60.836281
1 60.859501 61.834739
1 61.857959 62.833197
1 62.856417 63.831655
1 63.854875 64.830113
1 64.853333 65.828571
1 65.851791 66.827029
1 66.850249 67.825488
1 67.848707 68.823946
1 68.847166 69.822404
1 69.845624 70.820862
1 70.844082 71.819320
1 71.842540 72.817778
1 72.840998 73.816236
1 73.839456 74.814694
1 74.837914 75.813152
1 75.836372 76.811610
1 76.834830 77.810068
1 77.833288 78.808526
1 78.831746 79.806984
1 79.830204 80.805442
1 80.828662 81.803900
1 81.827120 82.802358
1 82.825578 83.800816
1 83.824036 84.799274
1 84.822494 85.797732
1 85.820952 86.796190
1 86.819410 87.794649
1 87.817868 88.793107
1 88.816327 89.791565
1 89.814785 90.790023
1 90.813243 91.788481
1 91.811701 92.786939
1 92.810159 93.785397
1 93.808617 94.783855
1 94.807075 95.782313
1 95.805533 96.780771
1 96.803991 97.779229
1 97.802449 98.777687
1 98.800907 99.776145
1 99.799365 100.774603
1 100.797823 101.773061
1 101.796281 102.771519
1 102.794739 103.769977
1 103.793197 104.768435
1 104.791655 105.766893
1 105.790113 106.765351
1 106.788571 107.763810
1 107.787029 108.762268
1 108.785488 109.760726
1 109.783946 110.759184
1 110.782404 111.757642
1 111.780862 112.756100
1 112.779320 113.754558
1 113.777778 114.753016
1 114.776236 115.751474
1 115.774694 116.749932
1 116.773152 117.748390
1 117.771610 118.746848
1 118.770068 119.745306
1 119.768526 120.743764
1 120.766984 121.742222
1 121.765442 122.740680
1 122.763900 123.739138
1 123.762358 124.737596
1 124.760816 125.736054
1 125.759274 126.734512
1 126.757732 127.732971
1 127.756190 128.731429
1 128.754649 129.729887
1 129.753107 130.728345
1 130.751565 131.726803
1 131.750023 132.725261
1 132.748481 133.723719
1 133.746939 134.722177
1 134.745397 135.720635
1 135.743855 136.719093
1 136.742313 137.717551
1 137.740771 138.716009
1 138.739229 139.714467
1 139.737687 140.712925
1 140.736145 141.711383
1 141.734603 142.709841
1 142.733061 143.708299
1 143.731519 144.706757
1 144.729977 145.705215
1 145.728435 146.703673
1 146.726893 147.702132
1 147.725351 148.700590
1 148.723810 149.699048
1 149.722268 150.697506
1 150.720726 151.695964
1 151.719184 152.694422
1 152.717642 153.692880
1 153.716100 154.691338
1 154.714558 155.689796
1 155.713016 156.688254
1 156.711474 157.686712
1 157.709932 158.685170
1 158.708390 159.683628
1 159.706848 160.682086
1 160.705306 161.680544
1 161.703764 162.679002
1 162.702222 163.677460
1 163.700680 164.675918
1 164.699138 165.674376
1 165.697596 166.672834
1 166.696054 167.671293
1 167.694512 168.669751
1 168.692971 169.668209
1 169.691429 170.666667
1 170.689887 171.665125
1 171.688345 172.663583
1 172.686803 173.662041
1 173.685261 174.660499
1 174.683719 175.658957
1 175.682177 176.657415
1 176.680635 177.655873
1 177.679093 178.654331
1 178.677551 179.652789
1 179.676009 180.651247
1 180.674467 181.649705
1 181.672925 182.648163
1 182.671383 183.646621
1 183.669841 184.645079
1 184.668299 185.643537
1 185.666757 186.641995
1 186.665215 187.640454
1 187.663673 188.638912
1 188.662132 189.637370
1 189.660590 190.635828
1 190.659048 191.634286
1 191.657506 192.632744
1 192.655964 193.631202
1 193.654422 194.629660
1 194.652880 195.628118
1 195.651338 196.626576
1 196.649796 197.625034
1 197.648254 198.623492
1 198.646712 199.621950
1 199.645170 200.620408
1 200.643628 201.618866
1 201.642086 202.617324
1 202.640544 203.615782
1 203.639002 204.614240
1 204.637460 205.612698
1 205.635918 206.611156
1 206.634376 207.609615
1 207.632834 208.608073
1 208.631293 209.606531
1 209.629751 210.604989
1 210.628209 211.603447
1 211.626667 212.601905
1 212.625125 213.600363
1 213.623583 214.598821
1 214.622041 215.597279
1 215.620499 216.595737
1 216.618957 217.594195
1 217.617415 218.592653
1 218.615873 219.591111
1 219.614331 220.589569
1 220.612789 221.588027
1 221.611247 222.586485
1 222.609705 223.584943
1 223.608163 224.583401
1 224.606621 225.581859
1 225.605079 226.580317
1 226.603537 227.578776
1 227.601995 228.577234
1 228.600454 229.575692
1 229.598912 230.574150
1 230.597370 231.572608
1 231.595828 232.571066
1 232.594286 233.569524
1 233.592744 234.567982
1 234.591202 235.566440
1 235.589660 236.564898
1 236.588118 237.563356
1 237.586576 238.561814
1 238.585034 239.560272
1 239.583492 240.558730
1 240.581950 241.557188
1 241.580408 242.555646
1 242.578866 243.554104
1 243.577324 244.552562
1 244.575782 245.551020
1 245.574240 246.549478
1 246.572698 247.547937
1 247.571156 248.546395
1 248.569615 249.544853
1 249.568073 250.543311
1 250.566531 251.541769
1 251.564989 252.540227
1 252.563447 253.538685
1 253.561905 254.537143
1 254.560363 255.535601
1 255.558821 256.534059
1 256.557279 257.532517
1 257.555737 258.530975
1 258.554195 259.529433
1 259.552653 260.527891
1 260.551111 261.526349
1 261.549569 262.524807
1 262.548027 263.523265
1 263.546485 264.521723
1 264.544943 265.520181
1 265.543401 266.518639
1 266.541859 267.517098
1 267.540317 268.515556
1 268.538776 269.514014
1 269.537234 270.512472
1 270.535692 271.510930
1 271.534150 272.509388
1 272.532608 273.507846
1 273.531066 274.506304
1 274.529524 275.504762
1 275.527982 276.503220
1 276.526440 277.501678
1 277.524898 278.500136
1 278.523356 279.498594
1 279.521814 280.497052
1 280.520272 281.495510
1 281.518730 282.493968
1 282.517188 283.492426
1 283.515646 284.490884
1 284.514104 285.489342
1 285.512562 286.487800
1 286.511020 287.486259
1 287.509478 288.484717
1 288.507937 289.483175
1 289.506395 290.481633
1 290.504853 291.480091
1 291.503311 292.478549
1 292.501769 293.477007
1 293.500227 294.475465
1 294.498685 295.473923
1 295.497143 296.472381
1 296.495601 297.470839
1 297.494059 298.469297
1 298.492517 299.467755
1 299.490975 300.466213
1 300.489433 301.464671
1 301.487891 302.463129
1 302.486349 303.461587
1 303.484807 304.460045
1 304.483265 305.458503
1 305.481723 306.456961
1 306.480181 307.455420
1 307.478639 308.453878
1 308.477098 309.452336
1 309.475556 310.450794
1 310.474014 311.449252
1 311.472472 312.447710
1 312.470930 313.446168
1 313.469388 314.444626
1 314.467846 315.443084
1 315.466304 316.441542
1 316.464762 317.440000
1 317.463220 318.438458
1 318.461678 319.436916
1 319.460136 320.435374
1 320.458594 321.433832
1 321.457052 322.432290
1 322.455510 323.430748
1 323.453968 324.429206
1 324.452426 325.427664
1 325.450884 326.426122
1 326.449342 327.424580
1 327.447800 328.423039
1 328.446259 329.421497
1 329.444717 330.419955
1 330.443175 331.418413
1 331.441633 332.416871
1 332.440091 333.415329
1 333.438549 334.413787
1 334.437007 335.412245
1 335.435465 336.410703
1 336.433923 337.409161
1 337.432381 338.407619
1 338.430839 339.406077
1 339.429297 340.404535
1 340.427755 341.402993
1 341.426213 342.401451
1 342.424671 343.399909
1 343.423129 344.398367
1 344.421587 345.396825
1 345.420045 346.395283
1 346.418503 347.393741
1 347.416961 348.392200
1 348.415420 349.390658
1 349.413878 350.389116
1 350.412336 351.387574
1 351.410794 352.386032
1 352.409252 353.384490
1 353.407710 354.382948
1 354.406168 355.381406
1 355.404626 356.379864
1 356.403084 357.378322
1 357.401542 358.376780
1 358.400000 359.375238
1 359.398458 360.373696
1 360.396916 361.372154
1 361.395374 362.370612
1 362.393832 363.369070
1 363.392290 364.367528
1 364.390748 365.365986
1 365.389206 366.364444
1 366.387664 367.362902
1 367.386122 368.361361
1 368.384580 369.359819
1 369.383039 370.358277
1 370.381497 371.356735
1 371.379955 372.355193
1 372.378413 373.353651
1 373.376871 374.352109
1 374.375329 375.350567
1 375.373787 376.349025
1 376.372245 377.347483
1 377.370703 378.345941
1 378.369161 379.344399
1 379.367619 380.342857
1 380.366077 381.341315
1 381.364535 382.339773
1 382.362993 383.338231
1 383.361451 384.336689
1 384.359909 385.335147
1 385.358367 386.333605
1 386.356825 387.332063
1 387.355283 388.330522
1 388.353741 389.328980
1 389.352200 390.327438
1 390.350658 391.325896
1 391.349116 392.324354
1 392.347574 393.322812
1 393.346032 394.321270
1 394.344490 395.319728
1 395.342948 396.318186
1 396.341406 397.316644
1 397.339864 398.315102
1 398.338322 399.313560
1 399.336780 400.312018
1 400.335238 401.310476
1 401.333696 402.308934
1 402.332154 403.307392
1 403.330612 404.305850
1 404.329070 405.304308
1 405.327528 406.302766
1 406.325986 407.301224
1 407.324444 408.299683
1 408.322902 409.298141
1 409.321361 410.296599
1 410.319819 411.295057
1 411.318277 412.293515
1 412.316735 413.291973
1 413.315193 414.290431
1 414.313651 415.288889
1 415.312109 416.287347
1 416.310567 417.285805
1 417.309025 418.284263
1 418.307483 419.282721
1 419.305941 420.281179
1 420.304399 421.279637
1 421.302857 422.278095
1 422.301315 423.276553
1 423.299773 424.275011
1 424.298231 425.273469
1 425.296689 426.271927
1 426.295147 427.270385
1 427.293605 428.268844
1 428.292063 429.267302
1 429.290522 430.265760
1 430.288980 431.264218
1 431.287438 432.262676
1 432.285896 433.261134
1 433.284354 434.259592
1 434.282812 435.258050
1 435.281270 436.256508
1 436.279728 437.254966
1 437.278186 438.253424
1 438.276644 439.251882
1 439.275102 440.250340
1 440.273560 441.248798
1 441.272018 442.247256
1 442.270476 443.245714
1 443.268934 444.244172
1 444.267392 445.242630
1 445.265850 446.241088
1 446.264308 447.239546
1 447.262766 448.238005
1 448.261224 449.236463
1 449.259683 450.234921
1 450.258141 451.233379
1 451.256599 452.231837
1 452.255057 453.230295
1 453.253515 454.228753
1 454.251973 455.227211
1 455.250431 456.225669
1 456.248889 457.224127
1 457.247347 458.222585
1 458.245805 459.221043
1 459.244263 460.219501
1 460.242721 461.217959
1 461.241179 462.216417
1 462.239637 463.214875
1 463.238095 464.213333
1 464.236553 465.211791
1 465.235011 466.210249
1 466.233469 467.208707
1 467.231927 468.207166
1 468.230385 469.205624
1 469.228844 470.204082
1 470.227302 471.202540
1 471.225760 472.200998
1 472.224218 473.199456
1 473.222676 474.197914
1 474.221134 475.196372
1 475.219592 476.194830
1 476.218050 477.193288
1 477.216508 478.191746
1 478.214966 479.190204
1 479.213424 480.188662
1 480.211882 481.187120
1 481.210340 482.185578
1 482.208798 483.184036
1 483.207256 484.182494
1 484.205714 485.180952
1 485.204172 486.179410
1 486.202630 487.177868
1 487.201088 488.176327
1 488.199546 489.174785
1 489.198005 490.173243
1 490.196463 491.171701
1 491.194921 492.170159
1 492.193379 493.168617
1 493.191837 494.167075
1 494.190295 495.165533
1 495.188753 496.163991
1 496.187211 497.162449
1 497.185669 498.160907
1 498.184127 499.159365
1 499.182585 500.157823
1 500.181043 501.156281
1 501.179501 502.154739
1 502.177959 503.153197
1 503.176417 504.151655
1 504.174875 505.150113
1 505.173333 506.148571
1 506.171791 507.147029
1 507.170249 508.145488
1 508.168707 509.143946
1 509.167166 510.142404
1 510.165624 511.140862
1 511.164082 512.139320
1 512.162540 513.137778
1 513.160998 514.136236
1 514.159456 515.134694
1 515.157914 516.133152
1 516.156372 517.131610
1 517.154830 518.130068
1 518.153288 519.128526
1 519.151746 520.126984
1 520.150204 521.125442
1 521.148662 522.123900
1 522.147120 523.122358
1 523.145578 524.120816
1 524.144036 525.119274
1 525.142494 526.117732
1 526.140952 527.116190
1 527.139410 528.114649
1 528.137868 529.113107
1 529.136327 530.111565
1 530.134785 531.110023
1 531.133243 532.108481
1 532.131701 533.106939
1 533.130159 534.105397
1 534.128617 535.103855
1 535.127075 536.102313
1 536.125533 537.100771
1 537.123991 538.099229
1 538.122449 539.097687
1 539.120907 540.096145
1 540.119365 541.094603
1 541.117823 542.093061
1 542.116281 543.091519
1 543.114739 544.089977
1 544.113197 545.088435
1 545.111655 546.086893
1 546.110113 547.085351
1 547.108571 548.083810
1 548.107029 549.082268
1 549.105488 550.080726
1 550.103946 551.079184
1 551.102404 552.077642
1 552.100862 553.076100
1 553.099320 554.074558
1 554.097778 555.073016
1 555.096236 556.071474
1 556.094694 557.069932
1 557.093152 558.068390
1 558.091610 559.066848
1 559.090068 560.065306
1 560.088526 561.063764
1 561.086984 562.062222
1 562.085442 563.060680
1 563.083900 564.059138
1 564.082358 565.057596
1 565.080816 566.056054
1 566.079274 567.054512
1 567.077732 568.052971
1 568.076190 569.051429
1 569.074649 570.049887
1 570.073107 571.048345
1 571.071565 572.046803
1 572.070023 573.045261
1 573.068481 574.043719
1 574.066939 575.042177
1 575.065397 576.040635
1 576.063855 577.039093
1 577.062313 578.037551
1 578.060771 579.036009
1 579.059229 580.034467
1 580.057687 581.032925
1 581.056145 582.031383
1 582.054603 583.029841
1 583.053061 584.028299
1 584.051519 585.026757
1 585.049977 586.025215
1 586.048435 587.023673
1 587.046893 588.022132
1 588.045351 589.020590
1 589.043810 590.019048
1 590.042268 591.017506
1 591.040726 592.015964
1 592.039184 593.014422
1 593.037642 594.012880
1 594.036100 595.011338
1 595.034558 596.009796
1 596.033016 597.008254
1 597.031474 598.006712
1 598.029932 599.005170
1 599.028390 600.003628
1 600.026848 601.002086
1 601.025306 602.000544
1 602.023764 602.999002
1 603.022222 603.997460
1 604.020680 604.995918
1 605.019138 605.994376
1 606.017596 606.992834
1 607.016054 607.991293
1 608.014512 608.989751
1 609.012971 609.988209
1 610.011429 610.986667
1 611.009887 611.985125
1 612.008345 612.983583
1 613.006803 613.982041
1 614.005261 614.980499
1 615.003719 615.978957
1 616.002177 616.977415
1 617.000635 617.975873
1 617.999093 618.974331
1 618.997551 619.972789
1 619.996009 620.971247
1 620.994467 621.969705
1 621.992925 622.968163
1 622.991383 623.966621
1 623.989841 624.965079
1 624.988299 625.963537
1 625.986757 626.961995
1 626.985215 627.960454
1 627.983673 628.958912
1 628.982132 629.957370
1 629.980590 630.955828
1 630.979048 631.954286
1 631.977506 632.952744
1 632.975964 633.951202
1 633.974422 634.949660
1 634.972880 635.948118
1 635.971338 636.946576
1 636.969796 637.945034
1 637.968254 638.943492
1 638.966712 639.941950
1 639.965170 640.940408
1 640.963628 641.938866
1 641.962086 642.937324
1 642.960544 643.935782
1 643.959002 644.934240
1 644.957460 645.932698
1 645.955918 646.931156
1 646.954376 647.929615
1 647.952834 648.928073
1 648.951293 649.926531
1 649.949751 650.924989
1 650.948209 651.923447
1 651.946667 652.921905
1 652.945125 653.920363
1 653.943583 654.918821
1 654.942041 655.917279
1 655.940499 656.915737
1 656.938957 657.914195
1 657.937415 658.912653
1 658.935873 659.911111
1 659.934331 660.909569
1 660.932789 661.908027
1 661.931247 662.906485
1 662.929705 663.904943
1 663.928163 664.903401
1 664.926621 665.901859
1 665.925079 666.900317
1 666.923537 667.898776
1 667.921995 668.897234
1 668.920454 669.895692
1 669.918912 670.894150
1 670.917370 671.892608
1 671.915828 672.891066
1 672.914286 673.889524
1 673.912744 674.887982
1 674.911202 675.886440
1 675.909660 676.884898
1 676.908118 677.883356
1 677.906576 678.881814
1 678.905034 679.880272
1 679.903492 680.878730
1 680.901950 681.877188
1 681.900408 682.875646
1 682.898866 683.874104
1 683.897324 684.872562
1 684.895782 685.871020
1 685.894240 686.869478
1 686.892698 687.867937
1 687.891156 688.866395
1 688.889615 689.864853
1 689.888073 690.863311
1 690.886531 691.861769
1 691.884989 692.860227
1 692.883447 693.858685
1 693.881905 694.857143
1 694.880363 695.855601
1 695.878821 696.854059
1 696.877279 697.852517
1 697.875737 698.850975
1 698.874195 699.849433
1 699.872653 700.847891
1 700.871111 701.846349
1 701.869569 702.844807
1 702.868027 703.843265
1 703.866485 704.841723
1 704.864943 705.840181
1 705.863401 706.838639
1 706.861859 707.837098
1 707.860317 708.835556
1 708.858776 709.834014
1 709.857234 710.832472
1 710.855692 711.830930
1 711.854150 712.829388
1 712.852608 713.827846
1 713.851066 714.826304
1 714.849524 715.824762
1 715.847982 716.823220
1 716.846440 717.821678
1 717.844898 718.820136
1 718.843356 719.818594
1 719.841814 720.817052
1 720.840272 721.815510
1 721.838730 722.813968
1 722.837188 723.812426
1 723.835646 724.810884
1 724.834104 725.809342
1 725.832562 726.807800
1 726.831020 727.806259
1 727.829478 728.804717
1 728.827937 729.803175
1 729.826395 730.801633
1 730.824853 731.800091
1 731.823311 732.798549
1 732.821769 733.797007
1 733.820227 734.098866
