1 1441206138255969
4 1441206139254427
7 1441206140252885
10 1441206141251343
13 1441206142249801
16 1441206143248259
19 1441206144246717
22 1441206145245175
25 1441206146243633
28 1441206147242091
31 1441206148240549
34 1441206149239007
37 1441206150237465
40 1441206151235923
43 1441206152234381
46 1441206153232839
49 1441206154231297
52 1441206155229755
55 1441206156228213
58 1441206157226671
61 1441206158225129
64 1441206159223587
67 1441206160222045
70 1441206161220503
73 1441206162218961
76 1441206163217419
79 1441206164215877
82 1441206165214335
85 1441206166212793
88 1441206167211251
91 1441206168209709
94 1441206169208167
97 1441206170206625
100 1441206171205083
103 1441206172203541
106 1441206173201999
109 1441206174200457
112 1441206175198915
115 1441206176197373
118 1441206177195831
121 1441206178194289
124 1441206179192747
127 1441206180191205
130 1441206181189663
133 1441206182188121
136 1441206183186579
139 1441206184185037
142 1441206185183495
145 1441206186181953
148 1441206187180411
151 1441206188178869
154 1441206189177327
157 1441206190175785
160 1441206191174243
163 1441206192172701
166 1441206193171159
169 1441206194169617
172 1441206195168075
175 1441206196166533
178 1441206197164991
181 1441206198163449
184 1441206199161907
187 1441206200160365
190 1441206201158823
193 1441206202157281
196 1441206203155739
199 1441206204154197
202 1441206205152655
205 1441206206151113
208 1441206207149571
211 1441206208148029
214 1441206209146487
217 1441206210144945
220 1441206211143403
223 1441206212141861
226 1441206213140319
229 1441206214138777
232 1441206215137235
235 1441206216135693
238 1441206217134151
241 1441206218132609
244 1441206219131067
247 1441206220129525
250 1441206221127983
253 1441206222126441
256 1441206223124899
259 1441206224123357
262 1441206225121815
265 1441206226120273
268 1441206227118731
271 1441206228117189
274 1441206229115647
277 1441206230114105
280 1441206231112563
283 1441206232111021
286 1441206233109479
289 1441206234107937
292 1441206235106395
295 1441206236104853
298 1441206237103311
301 1441206238101769
304 1441206239100227
307 1441206240098685
310 1441206241097143
313 1441206242095601
316 1441206243094059
319 1441206244092517
322 1441206245090975
325 1441206246089433
328 1441206247087891
331 1441206248086349
334 1441206249084807
337 1441206250083265
340 1441206251081723
343 1441206252080181
346 1441206253078639
349 1441206254077097
352 1441206255075555
355 1441206256074013
358 1441206257072471
361 1441206258070929
364 1441206259069387
367 1441206260067845
370 1441206261066303
373 1441206262064761
376 1441206263063219
379 1441206264061677
382 1441206265060135
385 1441206266058593
388 1441206267057051
391 1441206268055509
394 1441206269053967
397 1441206270052425
400 1441206271050883
403 1441206272049341
406 1441206273047799
409 1441206274046257
412 1441206275044715
415 1441206276043173
418 1441206277041631
421 1441206278040089
424 1441206279038547
427 1441206280037005
430 1441206281035463
433 1441206282033921
436 1441206283032379
439 1441206284030837
442 1441206285029295
445 1441206286027753
448 1441206287026211
451 1441206288024669
454 1441206289023127
457 1441206290021585
460 1441206291020043
463 1441206292018501
466 1441206293016959
469 1441206294015417
472 1441206295013875
475 1441206296012333
478 1441206297010791
481 1441206298009249
484 1441206299007707
487 1441206300006165
490 1441206301004623
493 1441206302003081
496 1441206303001539
499 1441206303999997
502 1441206304998455
505 1441206305996913
508 1441206306995371
511 1441206307993829
514 1441206308992287
517 1441206309990745
520 1441206310989203
523 1441206311987661
526 1441206312986119
529 1441206313984577
532 1441206314983035
535 1441206315981493
538 1441206316979951
541 1441206317978409
544 1441206318976867
547 1441206319975325
550 1441206320973783
553 1441206321972241
556 1441206322970699
559 1441206323969157
562 1441206324967615
565 1441206325966073
568 1441206326964531
571 1441206327962989
574 1441206328961447
577 1441206329959905
580 1441206330958363
583 1441206331956821
586 1441206332955279
589 1441206333953737
592 1441206334952195
595 1441206335950653
598 1441206336949111
601 1441206337947569
604 1441206338946027
607 1441206339944485
610 1441206340942943
613 1441206341941401
616 1441206342939859
619 1441206343938317
622 1441206344936775
625 1441206345935233
628 1441206346933691
631 1441206347932149
634 1441206348930607
637 1441206349929065
640 1441206350927523
643 1441206351925981
646 1441206352924439
649 1441206353922897
652 1441206354921355
655 1441206355919813
658 1441206356918271
661 1441206357916729
664 1441206358915187
667 1441206359913645
670 1441206360912103
673 1441206361910561
676 1441206362909019
679 1441206363907477
682 1441206364905935
685 1441206365904393
688 1441206366902851
691 1441206367901309
694 1441206368899767
697 1441206369898225
700 1441206370896683
703 1441206371895141
706 1441206372893599
709 1441206373892057
712 1441206374890515
715 1441206375888973
718 1441206376887431
721 1441206377885889
724 1441206378884347
727 1441206379882805
730 1441206380881263
733 1441206381879721
736 1441206382878179
739 1441206383876637
742 1441206384875095
745 1441206385873553
748 1441206386872011
751 1441206387870469
754 1441206388868927
757 1441206389867385
760 1441206390865843
763 1441206391864301
766 1441206392862759
769 1441206393861217
772 1441206394859675
775 1441206395858133
778 1441206396856591
781 1441206397855049
784 1441206398853507
787 1441206399851965
790 1441206400850423
793 1441206401848881
796 1441206402847339
799 1441206403845797
802 1441206404844255
805 1441206405842713
808 1441206406841171
811 1441206407839629
814 1441206408838087
817 1441206409836545
820 1441206410835003
823 1441206411833461
826 1441206412831919
829 1441206413830377
832 1441206414828835
835 1441206415827293
838 1441206416825751
841 1441206417824209
844 1441206418822667
847 1441206419821125
850 1441206420819583
853 1441206421818041
856 1441206422816499
859 1441206423814957
862 1441206424813415
865 1441206425811873
868 1441206426810331
871 1441206427808789
874 1441206428807247
877 1441206429805705
880 1441206430804163
883 1441206431802621
886 1441206432801079
889 1441206433799537
892 1441206434797995
895 1441206435796453
898 1441206436794911
901 1441206437793369
904 1441206438791827
907 1441206439790285
910 1441206440788743
913 1441206441787201
916 1441206442785659
919 1441206443784117
922 1441206444782575
925 1441206445781033
928 1441206446779491
931 1441206447777949
934 1441206448776407
937 1441206449774865
940 1441206450773323
943 1441206451771781
946 1441206452770239
949 1441206453768697
952 1441206454767155
955 1441206455765613
958 1441206456764071
961 1441206457762529
964 1441206458760987
967 1441206459759445
970 1441206460757903
973 1441206461756361
976 1441206462754819
979 1441206463753277
982 1441206464751735
985 1441206465750193
988 1441206466748651
991 1441206467747109
994 1441206468745567
997 1441206469744025
1000 1441206470742483
1003 1441206471740941
1006 1441206472739399
1009 1441206473737857
1012 1441206474736315
1015 1441206475734773
1018 1441206476733231
1021 1441206477731689
1024 1441206478730147
1027 1441206479728605
1030 1441206480727063
1033 1441206481725521
1036 1441206482723979
1039 1441206483722437
1042 1441206484720895
1045 1441206485719353
1048 1441206486717811
1051 1441206487716269
1054 1441206488714727
1057 1441206489713185
1060 1441206490711643
1063 1441206491710101
1066 1441206492708559
1069 1441206493707017
1072 1441206494705475
1075 1441206495703933
1078 1441206496702391
1081 1441206497700849
1084 1441206498699307
1087 1441206499697765
1090 1441206500696223
1093 1441206501694681
1096 1441206502693139
1099 1441206503691597
1102 1441206504690055
1105 1441206505688513
1108 1441206506686971
1111 1441206507685429
1114 1441206508683887
1117 1441206509682345
1120 1441206510680803
1123 1441206511679261
1126 1441206512677719
1129 1441206513676177
1132 1441206514674635
1135 1441206515673093
1138 1441206516671551
1141 1441206517670009
1144 1441206518668467
1147 1441206519666925
1150 1441206520665383
1153 1441206521663841
1156 1441206522662299
1159 1441206523660757
1162 1441206524659215
1165 1441206525657673
1168 1441206526656131
1171 1441206527654589
1174 1441206528653047
1177 1441206529651505
1180 1441206530649963
1183 1441206531648421
1186 1441206532646879
1189 1441206533645337
1192 1441206534643795
1195 1441206535642253
1198 1441206536640711
1201 1441206537639169
1204 1441206538637627
1207 1441206539636085
1210 1441206540634543
1213 1441206541633001
1216 1441206542631459
1219 1441206543629917
1222 1441206544628375
1225 1441206545626833
1228 1441206546625291
1231 1441206547623749
1234 1441206548622207
1237 1441206549620665
1240 1441206550619123
1243 1441206551617581
1246 1441206552616039
1249 1441206553614497
1252 1441206554612955
1255 1441206555611413
1258 1441206556609871
1261 1441206557608329
1264 1441206558606787
1267 1441206559605245
1270 1441206560603703
1273 1441206561602161
1276 1441206562600619
1279 1441206563599077
1282 1441206564597535
1285 1441206565595993
1288 1441206566594451
1291 1441206567592909
1294 1441206568591367
1297 1441206569589825
1300 1441206570588283
1303 1441206571586741
1306 1441206572585199
1309 1441206573583657
1312 1441206574582115
1315 1441206575580573
1318 1441206576579031
1321 1441206577577489
1324 1441206578575947
1327 1441206579574405
1330 1441206580572863
1333 1441206581571321
1336 1441206582569779
1339 1441206583568237
1342 1441206584566695
1345 1441206585565153
1348 1441206586563611
1351 1441206587562069
1354 1441206588560527
1357 1441206589558985
1360 1441206590557443
1363 1441206591555901
1366 1441206592554359
1369 1441206593552817
1372 1441206594551275
1375 1441206595549733
1378 1441206596548191
1381 1441206597546649
1384 1441206598545107
1387 1441206599543565
1390 1441206600542023
1393 1441206601540481
1396 1441206602538939
1399 1441206603537397
1402 1441206604535855
1405 1441206605534313
1408 1441206606532771
1411 1441206607531229
1414 1441206608529687
1417 1441206609528145
1420 1441206610526603
1423 1441206611525061
1426 1441206612523519
1429 1441206613521977
1432 1441206614520435
1435 1441206615518893
1438 1441206616517351
1441 1441206617515809
1444 1441206618514267
1447 1441206619512725
1450 1441206620511183
1453 1441206621509641
1456 1441206622508099
1459 1441206623506557
1462 1441206624505015
1465 1441206625503473
1468 1441206626501931
1471 1441206627500389
1474 1441206628498847
1477 1441206629497305
1480 1441206630495763
1483 1441206631494221
1486 1441206632492679
1489 1441206633491137
1492 1441206634489595
1495 1441206635488053
1498 1441206636486511
1501 1441206637484969
1504 1441206638483427
1507 1441206639481885
1510 1441206640480343
1513 1441206641478801
1516 1441206642477259
1519 1441206643475717
1522 1441206644474175
1525 1441206645472633
1528 1441206646471091
1531 1441206647469549
1534 1441206648468007
1537 1441206649466465
1540 1441206650464923
1543 1441206651463381
1546 1441206652461839
1549 1441206653460297
1552 1441206654458755
1555 1441206655457213
1558 1441206656455671
1561 1441206657454129
1564 1441206658452587
1567 1441206659451045
1570 1441206660449503
1573 1441206661447961
1576 1441206662446419
1579 1441206663444877
1582 1441206664443335
1585 1441206665441793
1588 1441206666440251
1591 1441206667438709
1594 1441206668437167
1597 1441206669435625
1600 1441206670434083
1603 1441206671432541
1606 1441206672430999
1609 1441206673429457
1612 1441206674427915
1615 1441206675426373
1618 1441206676424831
1621 1441206677423289
1624 1441206678421747
1627 1441206679420205
1630 1441206680418663
1633 1441206681417121
1636 1441206682415579
1639 1441206683414037
1642 1441206684412495
1645 1441206685410953
1648 1441206686409411
1651 1441206687407869
1654 1441206688406327
1657 1441206689404785
1660 1441206690403243
1663 1441206691401701
1666 1441206692400159
1669 1441206693398617
1672 1441206694397075
1675 1441206695395533
1678 1441206696393991
1681 1441206697392449
1684 1441206698390907
1687 1441206699389365
1690 1441206700387823
1693 1441206701386281
1696 1441206702384739
1699 1441206703383197
1702 1441206704381655
1705 1441206705380113
1708 1441206706378571
1711 1441206707377029
1714 1441206708375487
1717 1441206709373945
1720 1441206710372403
1723 1441206711370861
1726 1441206712369319
1729 1441206713367777
1732 1441206714366235
1735 1441206715364693
1738 1441206716363151
1741 1441206717361609
1744 1441206718360067
1747 1441206719358525
1750 1441206720356983
1753 1441206721355441
1756 1441206722353899
1759 1441206723352357
1762 1441206724350815
1765 1441206725349273
1768 1441206726347731
1771 1441206727346189
1774 1441206728344647
1777 1441206729343105
1780 1441206730341563
1783 1441206731340021
1786 1441206732338479
1789 1441206733336937
1792 1441206734335395
1795 1441206735333853
1798 1441206736332311
1801 1441206737330769
1804 1441206738329227
1807 1441206739327685
1810 1441206740326143
1813 1441206741324601
1816 1441206742323059
1819 1441206743321517
1822 1441206744319975
1825 1441206745318433
1828 1441206746316891
1831 1441206747315349
1834 1441206748313807
1837 1441206749312265
1840 1441206750310723
1843 1441206751309181
1846 1441206752307639
1849 1441206753306097
1852 1441206754304555
1855 1441206755303013
1858 1441206756301471
1861 1441206757299929
1864 1441206758298387
1867 1441206759296845
1870 1441206760295303
1873 1441206761293761
1876 1441206762292219
1879 1441206763290677
1882 1441206764289135
1885 1441206765287593
1888 1441206766286051
1891 1441206767284509
1894 1441206768282967
1897 1441206769281425
1900 1441206770279883
1903 1441206771278341
1906 1441206772276799
1909 1441206773275257
1912 1441206774273715
1915 1441206775272173
1918 1441206776270631
1921 1441206777269089
1924 1441206778267547
1927 1441206779266005
1930 1441206780264463
1933 1441206781262921
1936 1441206782261379
1939 1441206783259837
1942 1441206784258295
1945 1441206785256753
1948 1441206786255211
1951 1441206787253669
1954 1441206788252127
1957 1441206789250585
1960 1441206790249043
1963 1441206791247501
1966 1441206792245959
1969 1441206793244417
1972 1441206794242875
1975 1441206795241333
1978 1441206796239791
1981 1441206797238249
1984 1441206798236707
1987 1441206799235165
1990 1441206800233623
1993 1441206801232081
1996 1441206802230539
1999 1441206803228997
2002 1441206804227455
2005 1441206805225913
2008 1441206806224371
2011 1441206807222829
2014 1441206808221287
2017 1441206809219745
2020 1441206810218203
2023 1441206811216661
2026 1441206812215119
2029 1441206813213577
2032 1441206814212035
2035 1441206815210493
2038 1441206816208951
2041 1441206817207409
2044 1441206818205867
2047 1441206819204325
2050 1441206820202783
2053 1441206821201241
2056 1441206822199699
2059 1441206823198157
2062 1441206824196615
2065 1441206825195073
2068 1441206826193531
2071 1441206827191989
2074 1441206828190447
2077 1441206829188905
2080 1441206830187363
2083 1441206831185821
2086 1441206832184279
2089 1441206833182737
2092 1441206834181195
2095 1441206835179653
2098 1441206836178111
2101 1441206837176569
2104 1441206838175027
2107 1441206839173485
2110 1441206840171943
2113 1441206841170401
2116 1441206842168859
2119 1441206843167317
2122 1441206844165775
2125 1441206845164233
2128 1441206846162691
2131 1441206847161149
2134 1441206848159607
2137 1441206849158065
2140 1441206850156523
2143 1441206851154981
2146 1441206852153439
2149 1441206853151897
2152 1441206854150355
2155 1441206855148813
2158 1441206856147271
2161 1441206857145729
2164 1441206858144187
2167 1441206859142645
2170 1441206860141103
2173 1441206861139561
2176 1441206862138019
2179 1441206863136477
2182 1441206864134935
2185 1441206865133393
2188 1441206866131851
2191 1441206867130309
2194 1441206868128767
2197 1441206869127225
2200 1441206870125683
2203 1441206871124141
2206 1441206872122599
2209 1441206873121057
