1 1441206138254427
3 1441206139254427
5 1441206140254427
7 1441206141254427
9 1441206142254427
11 1441206143254427
13 1441206144254427
15 1441206145254427
17 1441206146254427
19 1441206147254427
21 1441206148254427
23 1441206149254427
25 1441206150254427
27 1441206151254427
29 1441206152254427
31 1441206153254427
33 1441206154254427
35 1441206155254427
37 1441206156254427
39 1441206157254427
41 1441206158254427
43 1441206159254427
45 1441206160254427
47 1441206161254427
49 1441206162254427
51 1441206163254427
53 1441206164254427
55 1441206165254427
57 1441206166254427
59 1441206167254427
61 1441206168254427
63 1441206169254427
65 1441206170254427
67 1441206171254427
69 1441206172254427
71 1441206173254427
73 1441206174254427
75 1441206175254427
77 1441206176254427
79 1441206177254427
81 1441206178254427
83 1441206179254427
85 1441206180254427
87 1441206181254427
89 1441206182254427
91 1441206183254427
93 1441206184254427
95 1441206185254427
97 1441206186254427
99 1441206187254427
101 1441206188254427
103 1441206189254427
105 1441206190254427
107 1441206191254427
109 1441206192254427
111 1441206193254427
113 1441206194254427
115 1441206195254427
117 1441206196254427
119 1441206197254427
121 1441206198254427
123 1441206199254427
125 1441206200254427
127 1441206201254427
129 1441206202254427
131 1441206203254427
133 1441206204254427
135 1441206205254427
137 1441206206254427
139 1441206207254427
141 1441206208254427
143 1441206209254427
145 1441206210254427
147 1441206211254427
149 1441206212254427
151 1441206213254427
153 1441206214254427
155 1441206215254427
157 1441206216254427
159 1441206217254427
161 1441206218254427
163 1441206219254427
165 1441206220254427
167 1441206221254427
169 1441206222254427
171 1441206223254427
173 1441206224254427
175 1441206225254427
177 1441206226254427
179 1441206227254427
181 1441206228254427
183 1441206229254427
185 1441206230254427
187 1441206231254427
189 1441206232254427
191 1441206233254427
193 1441206234254427
195 1441206235254427
197 1441206236254427
199 1441206237254427
201 1441206238254427
203 1441206239254427
205 1441206240254427
207 1441206241254427
209 1441206242254427
211 1441206243254427
213 1441206244254427
215 1441206245254427
217 1441206246254427
219 1441206247254427
221 1441206248254427
223 1441206249254427
225 1441206250254427
227 1441206251254427
229 1441206252254427
231 1441206253254427
233 1441206254254427
235 1441206255254427
237 1441206256254427
239 1441206257254427
241 1441206258254427
243 1441206259254427
245 1441206260254427
247 1441206261254427
249 1441206262254427
251 1441206263254427
253 1441206264254427
255 1441206265254427
257 1441206266254427
259 1441206267254427
261 1441206268254427
263 1441206269254427
265 1441206270254427
267 1441206271254427
269 1441206272254427
271 1441206273254427
273 1441206274254427
275 1441206275254427
277 1441206276254427
279 1441206277254427
281 1441206278254427
283 1441206279254427
285 1441206280254427
287 1441206281254427
289 1441206282254427
291 1441206283254427
293 1441206284254427
295 1441206285254427
297 1441206286254427
299 1441206287254427
301 1441206288254427
303 1441206289254427
305 1441206290254427
307 1441206291254427
309 1441206292254427
311 1441206293254427
313 1441206294254427
315 1441206295254427
317 1441206296254427
319 1441206297254427
321 1441206298254427
323 1441206299254427
325 1441206300254427
327 1441206301254427
329 1441206302254427
331 1441206303254427
333 1441206304254427
335 1441206305254427
337 1441206306254427
339 1441206307254427
341 1441206308254427
343 1441206309254427
345 1441206310254427
347 1441206311254427
349 1441206312254427
351 1441206313254427
353 1441206314254427
355 1441206315254427
357 1441206316254427
359 1441206317254427
361 1441206318254427
363 1441206319254427
365 1441206320254427
367 1441206321254427
369 1441206322254427
371 1441206323254427
373 1441206324254427
375 1441206325254427
377 1441206326254427
379 1441206327254427
381 1441206328254427
383 1441206329254427
385 1441206330254427
387 1441206331254427
389 1441206332254427
391 1441206333254427
393 1441206334254427
395 1441206335254427
397 1441206336254427
399 1441206337254427
401 1441206338254427
403 1441206339254427
405 1441206340254427
407 1441206341254427
409 1441206342254427
411 1441206343254427
413 1441206344254427
415 1441206345254427
417 1441206346254427
419 1441206347254427
421 1441206348254427
423 1441206349254427
425 1441206350254427
427 1441206351254427
429 1441206352254427
431 1441206353254427
433 1441206354254427
435 1441206355254427
437 1441206356254427
439 1441206357254427
441 1441206358254427
443 1441206359254427
445 1441206360254427
447 1441206361254427
449 1441206362254427
451 1441206363254427
453 1441206364254427
455 1441206365254427
457 1441206366254427
459 1441206367254427
461 1441206368254427
463 1441206369254427
465 1441206370254427
467 1441206371254427
469 1441206372254427
471 1441206373254427
473 1441206374254427
475 1441206375254427
477 1441206376254427
479 1441206377254427
481 1441206378254427
483 1441206379254427
485 1441206380254427
487 1441206381254427
489 1441206382254427
491 1441206383254427
493 1441206384254427
495 1441206385254427
497 1441206386254427
499 1441206387254427
501 1441206388254427
503 1441206389254427
505 1441206390254427
507 1441206391254427
509 1441206392254427
511 1441206393254427
513 1441206394254427
515 1441206395254427
517 1441206396254427
519 1441206397254427
521 1441206398254427
523 1441206399254427
525 1441206400254427
527 1441206401254427
529 1441206402254427
531 1441206403254427
533 1441206404254427
535 1441206405254427
537 1441206406254427
539 1441206407254427
541 1441206408254427
543 1441206409254427
545 1441206410254427
547 1441206411254427
549 1441206412254427
551 1441206413254427
553 1441206414254427
555 1441206415254427
557 1441206416254427
559 1441206417254427
561 1441206418254427
563 1441206419254427
565 1441206420254427
567 1441206421254427
569 1441206422254427
571 1441206423254427
573 1441206424254427
575 1441206425254427
577 1441206426254427
579 1441206427254427
581 1441206428254427
583 1441206429254427
585 1441206430254427
587 1441206431254427
589 1441206432254427
591 1441206433254427
593 1441206434254427
595 1441206435254427
597 1441206436254427
599 1441206437254427
601 1441206438254427
603 1441206439254427
605 1441206440254427
607 1441206441254427
609 1441206442254427
611 1441206443254427
613 1441206444254427
615 1441206445254427
617 1441206446254427
619 1441206447254427
621 1441206448254427
623 1441206449254427
625 1441206450254427
627 1441206451254427
629 1441206452254427
631 1441206453254427
633 1441206454254427
635 1441206455254427
637 1441206456254427
639 1441206457254427
641 1441206458254427
643 1441206459254427
645 1441206460254427
647 1441206461254427
649 1441206462254427
651 1441206463254427
653 1441206464254427
655 1441206465254427
657 1441206466254427
659 1441206467254427
661 1441206468254427
663 1441206469254427
665 1441206470254427
667 1441206471254427
669 1441206472254427
671 1441206473254427
673 1441206474254427
675 1441206475254427
677 1441206476254427
679 1441206477254427
681 1441206478254427
683 1441206479254427
685 1441206480254427
687 1441206481254427
689 1441206482254427
691 1441206483254427
693 1441206484254427
695 1441206485254427
697 1441206486254427
699 1441206487254427
701 1441206488254427
703 1441206489254427
705 1441206490254427
707 1441206491254427
709 1441206492254427
711 1441206493254427
713 1441206494254427
715 1441206495254427
717 1441206496254427
719 1441206497254427
721 1441206498254427
723 1441206499254427
725 1441206500254427
727 1441206501254427
729 1441206502254427
731 1441206503254427
733 1441206504254427
735 1441206505254427
737 1441206506254427
739 1441206507254427
741 1441206508254427
743 1441206509254427
745 1441206510254427
747 1441206511254427
749 1441206512254427
751 1441206513254427
753 1441206514254427
755 1441206515254427
757 1441206516254427
759 1441206517254427
761 1441206518254427
763 1441206519254427
765 1441206520254427
767 1441206521254427
769 1441206522254427
771 1441206523254427
773 1441206524254427
775 1441206525254427
777 1441206526254427
779 1441206527254427
781 1441206528254427
783 1441206529254427
785 1441206530254427
787 1441206531254427
789 1441206532254427
791 1441206533254427
793 1441206534254427
795 1441206535254427
797 1441206536254427
799 1441206537254427
801 1441206538254427
803 1441206539254427
805 1441206540254427
807 1441206541254427
809 1441206542254427
811 1441206543254427
813 1441206544254427
815 1441206545254427
817 1441206546254427
819 1441206547254427
821 1441206548254427
823 1441206549254427
825 1441206550254427
827 1441206551254427
829 1441206552254427
831 1441206553254427
833 1441206554254427
835 1441206555254427
837 1441206556254427
839 1441206557254427
841 1441206558254427
843 1441206559254427
845 1441206560254427
847 1441206561254427
849 1441206562254427
851 1441206563254427
853 1441206564254427
855 1441206565254427
857 1441206566254427
859 1441206567254427
861 1441206568254427
863 1441206569254427
865 1441206570254427
867 1441206571254427
869 1441206572254427
871 1441206573254427
873 1441206574254427
875 1441206575254427
877 1441206576254427
879 1441206577254427
881 1441206578254427
883 1441206579254427
885 1441206580254427
887 1441206581254427
889 1441206582254427
891 1441206583254427
893 1441206584254427
895 1441206585254427
897 1441206586254427
899 1441206587254427
901 1441206588254427
903 1441206589254427
905 1441206590254427
907 1441206591254427
909 1441206592254427
911 1441206593254427
913 1441206594254427
915 1441206595254427
917 1441206596254427
919 1441206597254427
921 1441206598254427
923 1441206599254427
925 1441206600254427
927 1441206601254427
929 1441206602254427
931 1441206603254427
933 1441206604254427
935 1441206605254427
937 1441206606254427
939 1441206607254427
941 1441206608254427
943 1441206609254427
945 1441206610254427
947 1441206611254427
949 1441206612254427
951 1441206613254427
953 1441206614254427
955 1441206615254427
957 1441206616254427
959 1441206617254427
961 1441206618254427
963 1441206619254427
965 1441206620254427
967 1441206621254427
969 1441206622254427
971 1441206623254427
973 1441206624254427
975 1441206625254427
977 1441206626254427
979 1441206627254427
981 1441206628254427
983 1441206629254427
985 1441206630254427
987 1441206631254427
989 1441206632254427
991 1441206633254427
993 1441206634254427
995 1441206635254427
997 1441206636254427
999 1441206637254427
1001 1441206638254427
1003 1441206639254427
1005 1441206640254427
1007 1441206641254427
1009 1441206642254427
1011 1441206643254427
1013 1441206644254427
1015 1441206645254427
1017 1441206646254427
1019 1441206647254427
1021 1441206648254427
1023 1441206649254427
1025 1441206650254427
1027 1441206651254427
1029 1441206652254427
1031 1441206653254427
1033 1441206654254427
1035 1441206655254427
1037 1441206656254427
1039 1441206657254427
1041 1441206658254427
1043 1441206659254427
1045 1441206660254427
1047 1441206661254427
1049 1441206662254427
1051 1441206663254427
1053 1441206664254427
1055 1441206665254427
1057 1441206666254427
1059 1441206667254427
1061 1441206668254427
1063 1441206669254427
1065 1441206670254427
1067 1441206671254427
1069 1441206672254427
1071 1441206673254427
1073 1441206674254427
1075 1441206675254427
1077 1441206676254427
1079 1441206677254427
1081 1441206678254427
1083 1441206679254427
1085 1441206680254427
1087 1441206681254427
1089 1441206682254427
1091 1441206683254427
1093 1441206684254427
1095 1441206685254427
1097 1441206686254427
1099 1441206687254427
1101 1441206688254427
1103 1441206689254427
1105 1441206690254427
1107 1441206691254427
1109 1441206692254427
1111 1441206693254427
1113 1441206694254427
1115 1441206695254427
1117 1441206696254427
1119 1441206697254427
1121 1441206698254427
1123 1441206699254427
1125 1441206700254427
1127 1441206701254427
1129 1441206702254427
1131 1441206703254427
1133 1441206704254427
1135 1441206705254427
1137 1441206706254427
1139 1441206707254427
1141 1441206708254427
1143 1441206709254427
1145 1441206710254427
1147 1441206711254427
1149 1441206712254427
1151 1441206713254427
1153 1441206714254427
1155 1441206715254427
1157 1441206716254427
1159 1441206717254427
1161 1441206718254427
1163 1441206719254427
1165 1441206720254427
1167 1441206721254427
1169 1441206722254427
1171 1441206723254427
1173 1441206724254427
1175 1441206725254427
1177 1441206726254427
1179 1441206727254427
1181 1441206728254427
1183 1441206729254427
1185 1441206730254427
1187 1441206731254427
1189 1441206732254427
1191 1441206733254427
1193 1441206734254427
1195 1441206735254427
1197 1441206736254427
1199 1441206737254427
1201 1441206738254427
1203 1441206739254427
1205 1441206740254427
1207 1441206741254427
1209 1441206742254427
1211 1441206743254427
1213 1441206744254427
1215 1441206745254427
1217 1441206746254427
1219 1441206747254427
1221 1441206748254427
1223 1441206749254427
1225 1441206750254427
1227 1441206751254427
1229 1441206752254427
1231 1441206753254427
1233 1441206754254427
1235 1441206755254427
1237 1441206756254427
1239 1441206757254427
1241 1441206758254427
1243 1441206759254427
1245 1441206760254427
1247 1441206761254427
1249 1441206762254427
1251 1441206763254427
1253 1441206764254427
1255 1441206765254427
1257 1441206766254427
1259 1441206767254427
1261 1441206768254427
1263 1441206769254427
1265 1441206770254427
1267 1441206771254427
1269 1441206772254427
1271 1441206773254427
1273 1441206774254427
1275 1441206775254427
1277 1441206776254427
1279 1441206777254427
1281 1441206778254427
1283 1441206779254427
1285 1441206780254427
1287 1441206781254427
1289 1441206782254427
1291 1441206783254427
1293 1441206784254427
1295 1441206785254427
1297 1441206786254427
1299 1441206787254427
1301 1441206788254427
1303 1441206789254427
1305 1441206790254427
1307 1441206791254427
1309 1441206792254427
1311 1441206793254427
1313 1441206794254427
1315 1441206795254427
1317 1441206796254427
1319 1441206797254427
1321 1441206798254427
1323 1441206799254427
1325 1441206800254427
1327 1441206801254427
1329 1441206802254427
1331 1441206803254427
1333 1441206804254427
1335 1441206805254427
1337 1441206806254427
1339 1441206807254427
1341 1441206808254427
1343 1441206809254427
1345 1441206810254427
1347 1441206811254427
1349 1441206812254427
1351 1441206813254427
1353 1441206814254427
1355 1441206815254427
1357 1441206816254427
1359 1441206817254427
1361 1441206818254427
1363 1441206819254427
1365 1441206820254427
1367 1441206821254427
1369 1441206822254427
1371 1441206823254427
1373 1441206824254427
1375 1441206825254427
1377 1441206826254427
1379 1441206827254427
1381 1441206828254427
1383 1441206829254427
1385 1441206830254427
1387 1441206831254427
1389 1441206832254427
1391 1441206833254427
1393 1441206834254427
1395 1441206835254427
1397 1441206836254427
1399 1441206837254427
1401 1441206838254427
1403 1441206839254427
1405 1441206840254427
1407 1441206841254427
1409 1441206842254427
1411 1441206843254427
1413 1441206844254427
1415 1441206845254427
1417 1441206846254427
1419 1441206847254427
1421 1441206848254427
1423 1441206849254427
1425 1441206850254427
1427 1441206851254427
1429 1441206852254427
1431 1441206853254427
1433 1441206854254427
1435 1441206855254427
1437 1441206856254427
1439 1441206857254427
1441 1441206858254427
1443 1441206859254427
1445 1441206860254427
1447 1441206861254427
1449 1441206862254427
1451 1441206863254427
1453 1441206864254427
1455 1441206865254427
1457 1441206866254427
1459 1441206867254427
1461 1441206868254427
1463 1441206869254427
1465 1441206870254427
1467 1441206871254427
1469 1441206872254427
1471 1441206873254427
