0
1
1 1936684398
1506
1 0.000000 0.417959
1 0.441179 0.905578
1 0.928798 1.393197
1 1.416417 1.880816
1 1.904036 2.368435
1 2.391655 2.856054
1 2.879274 3.343673
1 3.366893 3.831293
1 3.854512 4.318912
1 4.342132 4.806531
1 4.829751 5.294150
1 5.317370 5.781769
1 5.804989 6.269388
1 6.292608 6.757007
1 6.780227 7.244626
1 7.267846 7.732245
1 7.755465 8.219864
1 8.243084 8.707483
1 8.730703 9.195102
1 9.218322 9.682721
1 9.705941 10.170340
1 10.193560 10.657959
1 10.681179 11.145578
1 11.168798 11.633197
1 11.656417 12.120816
1 12.144036 12.608435
1 12.631655 13.096054
1 13.119274 13.583673
1 13.606893 14.071293
1 14.094512 14.558912
1 14.582132 15.046531
1 15.069751 15.534150
1 15.557370 16.021769
1 16.044989 16.509388
1 16.532608 16.997007
1 17.020227 17.484626
1 17.507846 17.972245
1 17.995465 18.459864
1 18.483084 18.947483
1 18.970703 19.435102
1 19.458322 19.922721
1 19.945941 20.410340
1 20.433560 20.897959
1 20.921179 21.385578
1 21.408798 21.873197
1 21.896417 22.360816
1 22.384036 22.848435
1 22.871655 23.336054
1 23.359274 23.823673
1 23.846893 24.311293
1 24.334512 24.798912
1 24.822132 25.286531
1 25.309751 25.774150
1 25.797370 26.261769
1 26.284989 26.749388
1 26.772608 27.237007
1 27.260227 27.724626
1 27.747846 28.212245
1 28.235465 28.699864
1 28.723084 29.187483
1 29.210703 29.675102
1 29.698322 30.162721
1 30.185941 30.650340
1 30.673560 31.137959
1 31.161179 31.625578
1 31.648798 32.113197
1 32.136417 32.600816
1 32.624036 33.088435
1 33.111655 33.576054
1 33.599274 34.063673
1 34.086893 34.551293
1 34.574512 35.038912
1 35.062132 35.526531
1 35.549751 36.014150
1 36.037370 36.501769
1 36.524989 36.989388
1 37.012608 37.477007
1 37.500227 37.964626
1 37.987846 38.452245
1 38.475465 38.939864
1 38.963084 39.427483
1 39.450703 39.915102
1 39.938322 40.402721
1 40.425941 40.890340
1 40.913560 41.377959
1 41.401179 41.865578
1 41.888798 42.353197
1 42.376417 42.840816
1 42.864036 43.328435
1 43.351655 43.816054
1 43.839274 44.303673
1 44.326893 44.791293
1 44.814512 45.278912
1 45.302132 45.766531
1 45.789751 46.254150
1 46.277370 46.741769
1 46.764989 47.229388
1 47.252608 47.717007
1 47.740227 48.204626
1 48.227846 48.692245
1 48.715465 49.179864
1 49.203084 49.667483
1 49.690703 50.155102
1 50.178322 50.642721
1 50.665941 51.130340
1 51.153560 51.617959
1 51.641179 52.105578
1 52.128798 52.593197
1 52.616417 53.080816
1 53.104036 53.568435
1 53.591655 54.056054
1 54.079274 54.543673
1 54.566893 55.031293
1 55.054512 55.518912
1 55.542132 56.006531
1 56.029751 56.494150
1 56.517370 56.981769
1 57.004989 57.469388
1 57.492608 57.957007
1 57.980227 58.444626
1 58.467846 58.932245
1 58.955465 59.419864
1 59.443084 59.907483
1 59.930703 60.395102
1 60.418322 60.882721
1 60.905941 61.370340
1 61.393560 61.857959
1 61.881179 62.345578
1 62.368798 62.833197
1 62.856417 63.320816
1 63.344036 63.808435
1 63.831655 64.296054
1 64.319274 64.783673
1 64.806893 65.271293
1 65.294512 65.758912
1 65.782132 66.246531
1 66.269751 66.734150
1 66.757370 67.221769
1 67.244989 67.709388
1 67.732608 68.197007
1 68.220227 68.684626
1 68.707846 69.172245
1 69.195465 69.659864
1 69.683084 70.147483
1 70.170703 70.635102
1 70.658322 71.122721
1 71.145941 71.610340
1 71.633560 72.097959
1 72.121179 72.585578
1 72.608798 73.073197
1 73.096417 73.560816
1 73.584036 74.048435
1 74.071655 74.536054
1 74.559274 75.023673
1 75.046893 75.511293
1 75.534512 75.998912
1 76.022132 76.486531
1 76.509751 76.974150
1 76.997370 77.461769
1 77.484989 77.949388
1 77.972608 78.437007
1 78.460227 78.924626
1 78.947846 79.412245
1 79.435465 79.899864
1 79.923084 80.387483
1 80.410703 80.875102
1 80.898322 81.362721
1 81.385941 81.850340
1 81.873560 82.337959
1 82.361179 82.825578
1 82.848798 83.313197
1 83.336417 83.800816
1 83.824036 84.288435
1 84.311655 84.776054
1 84.799274 85.263673
1 85.286893 85.751293
1 85.774512 86.238912
1 86.262132 86.726531
1 86.749751 87.214150
1 87.237370 87.701769
1 87.724989 88.189388
1 88.212608 88.677007
1 88.700227 89.164626
1 89.187846 89.652245
1 89.675465 90.139864
1 90.163084 90.627483
1 90.650703 91.115102
1 91.138322 91.602721
1 91.625941 92.090340
1 92.113560 92.577959
1 92.601179 93.065578
1 93.088798 93.553197
1 93.576417 94.040816
1 94.064036 94.528435
1 94.551655 95.016054
1 95.039274 95.503673
1 95.526893 95.991293
1 96.014512 96.478912
1 96.502132 96.966531
1 96.989751 97.454150
1 97.477370 97.941769
1 97.964989 98.429388
1 98.452608 98.917007
1 98.940227 99.404626
1 99.427846 99.892245
1 99.915465 100.379864
1 100.403084 100.867483
1 100.890703 101.355102
1 101.378322 101.842721
1 101.865941 102.330340
1 102.353560 102.817959
1 102.841179 103.305578
1 103.328798 103.793197
1 103.816417 104.280816
1 104.304036 104.768435
1 104.791655 105.256054
1 105.279274 105.743673
1 105.766893 106.231293
1 106.254512 106.718912
1 106.742132 107.206531
1 107.229751 107.694150
1 107.717370 108.181769
1 108.204989 108.669388
1 108.692608 109.157007
1 109.180227 109.644626
1 109.667846 110.132245
1 110.155465 110.619864
1 110.643084 111.107483
1 111.130703 111.595102
1 111.618322 112.082721
1 112.105941 112.570340
1 112.593560 113.057959
1 113.081179 113.545578
1 113.568798 114.033197
1 114.056417 114.520816
1 114.544036 115.008435
1 115.031655 115.496054
1 115.519274 115.983673
1 116.006893 116.471293
1 116.494512 116.958912
1 116.982132 117.446531
1 117.469751 117.934150
1 117.957370 118.421769
1 118.444989 118.909388
1 118.932608 119.397007
1 119.420227 119.884626
1 119.907846 120.372245
1 120.395465 120.859864
1 120.883084 121.347483
1 121.370703 121.835102
1 121.858322 122.322721
1 122.345941 122.810340
1 122.833560 123.297959
1 123.321179 123.785578
1 123.808798 124.273197
1 124.296417 124.760816
1 124.784036 125.248435
1 125.271655 125.736054
1 125.759274 126.223673
1 126.246893 126.711293
1 126.734512 127.198912
1 127.222132 127.686531
1 127.709751 128.174150
1 128.197370 128.661769
1 128.684989 129.149388
1 129.172608 129.637007
1 129.660227 130.124626
1 130.147846 130.612245
1 130.635465 131.099864
1 131.123084 131.587483
1 131.610703 132.075102
1 132.098322 132.562721
1 132.585941 133.050340
1 133.073560 133.537959
1 133.561179 134.025578
1 134.048798 134.513197
1 134.536417 135.000816
1 135.024036 135.488435
1 135.511655 135.976054
1 135.999274 136.463673
1 136.486893 136.951293
1 136.974512 137.438912
1 137.462132 137.926531
1 137.949751 138.414150
1 138.437370 138.901769
1 138.924989 139.389388
1 139.412608 139.877007
1 139.900227 140.364626
1 140.387846 140.852245
1 140.875465 141.339864
1 141.363084 141.827483
1 141.850703 142.315102
1 142.338322 142.802721
1 142.825941 143.290340
1 143.313560 143.777959
1 143.801179 144.265578
1 144.288798 144.753197
1 144.776417 145.240816
1 145.264036 145.728435
1 145.751655 146.216054
1 146.239274 146.703673
1 146.726893 147.191293
1 147.214512 147.678912
1 147.702132 148.166531
1 148.189751 148.654150
1 148.677370 149.141769
1 149.164989 149.629388
1 149.652608 150.117007
1 150.140227 150.604626
1 150.627846 151.092245
1 151.115465 151.579864
1 151.603084 152.067483
1 152.090703 152.555102
1 152.578322 153.042721
1 153.065941 153.530340
1 153.553560 154.017959
1 154.041179 154.505578
1 154.528798 154.993197
1 155.016417 155.480816
1 155.504036 155.968435
1 155.991655 156.456054
1 156.479274 156.943673
1 156.966893 157.431293
1 157.454512 157.918912
1 157.942132 158.406531
1 158.429751 158.894150
1 158.917370 159.381769
1 159.404989 159.869388
1 159.892608 160.357007
1 160.380227 160.844626
1 160.867846 161.332245
1 161.355465 161.819864
1 161.843084 162.307483
1 162.330703 162.795102
1 162.818322 163.282721
1 163.305941 163.770340
1 163.793560 164.257959
1 164.281179 164.745578
1 164.768798 165.233197
1 165.256417 165.720816
1 165.744036 166.208435
1 166.231655 166.696054
1 166.719274 167.183673
1 167.206893 167.671293
1 167.694512 168.158912
1 168.182132 168.646531
1 168.669751 169.134150
1 169.157370 169.621769
1 169.644989 170.109388
1 170.132608 170.597007
1 170.620227 171.084626
1 171.107846 171.572245
1 171.595465 172.059864
1 172.083084 172.547483
1 172.570703 173.035102
1 173.058322 173.522721
1 173.545941 174.010340
1 174.033560 174.497959
1 174.521179 174.985578
1 175.008798 175.473197
1 175.496417 175.960816
1 175.984036 176.448435
1 176.471655 176.936054
1 176.959274 177.423673
1 177.446893 177.911293
1 177.934512 178.398912
1 178.422132 178.886531
1 178.909751 179.374150
1 179.397370 179.861769
1 179.884989 180.349388
1 180.372608 180.837007
1 180.860227 181.324626
1 181.347846 181.812245
1 181.835465 182.299864
1 182.323084 182.787483
1 182.810703 183.275102
1 183.298322 183.762721
1 183.785941 184.250340
1 184.273560 184.737959
1 184.761179 185.225578
1 185.248798 185.713197
1 185.736417 186.200816
1 186.224036 186.688435
1 186.711655 187.176054
1 187.199274 187.663673
1 187.686893 188.151293
1 188.174512 188.638912
1 188.662132 189.126531
1 189.149751 189.614150
1 189.637370 190.101769
1 190.124989 190.589388
1 190.612608 191.077007
1 191.100227 191.564626
1 191.587846 192.052245
1 192.075465 192.539864
1 192.563084 193.027483
1 193.050703 193.515102
1 193.538322 194.002721
1 194.025941 194.490340
1 194.513560 194.977959
1 195.001179 195.465578
1 195.488798 195.953197
1 195.976417 196.440816
1 196.464036 196.928435
1 196.951655 197.416054
1 197.439274 197.903673
1 197.926893 198.391293
1 198.414512 198.878912
1 198.902132 199.366531
1 199.389751 199.854150
1 199.877370 200.341769
1 200.364989 200.829388
1 200.852608 201.317007
1 201.340227 201.804626
1 201.827846 202.292245
1 202.315465 202.779864
1 202.803084 203.267483
1 203.290703 203.755102
1 203.778322 204.242721
1 204.265941 204.730340
1 204.753560 205.217959
1 205.241179 205.705578
1 205.728798 206.193197
1 206.216417 206.680816
1 206.704036 207.168435
1 207.191655 207.656054
1 207.679274 208.143673
1 208.166893 208.631293
1 208.654512 209.118912
1 209.142132 209.606531
1 209.629751 210.094150
1 210.117370 210.581769
1 210.604989 211.069388
1 211.092608 211.557007
1 211.580227 212.044626
1 212.067846 212.532245
1 212.555465 213.019864
1 213.043084 213.507483
1 213.530703 213.995102
1 214.018322 214.482721
1 214.505941 214.970340
1 214.993560 215.457959
1 215.481179 215.945578
1 215.968798 216.433197
1 216.456417 216.920816
1 216.944036 217.408435
1 217.431655 217.896054
1 217.919274 218.383673
1 218.406893 218.871293
1 218.894512 219.358912
1 219.382132 219.846531
1 219.869751 220.334150
1 220.357370 220.821769
1 220.844989 221.309388
1 221.332608 221.797007
1 221.820227 222.284626
1 222.307846 222.772245
1 222.795465 223.259864
1 223.283084 223.747483
1 223.770703 224.235102
1 224.258322 224.722721
1 224.745941 225.210340
1 225.233560 225.697959
1 225.721179 226.185578
1 226.208798 226.673197
1 226.696417 227.160816
1 227.184036 227.648435
1 227.671655 228.136054
1 228.159274 228.623673
1 228.646893 229.111293
1 229.134512 229.598912
1 229.622132 230.086531
1 230.109751 230.574150
1 230.597370 231.061769
1 231.084989 231.549388
1 231.572608 232.037007
1 232.060227 232.524626
1 232.547846 233.012245
1 233.035465 233.499864
1 233.523084 233.987483
1 234.010703 234.475102
1 234.498322 234.962721
1 234.985941 235.450340
1 235.473560 235.937959
1 235.961179 236.425578
1 236.448798 236.913197
1 236.936417 237.400816
1 237.424036 237.888435
1 237.911655 238.376054
1 238.399274 238.863673
1 238.886893 239.351293
1 239.374512 239.838912
1 239.862132 240.326531
1 240.349751 240.814150
1 240.837370 241.301769
1 241.324989 241.789388
1 241.812608 242.277007
1 242.300227 242.764626
1 242.787846 243.252245
1 243.275465 243.739864
1 243.763084 244.227483
1 244.250703 244.715102
1 244.738322 245.202721
1 245.225941 245.690340
1 245.713560 246.177959
1 246.201179 246.665578
1 246.688798 247.153197
1 247.176417 247.640816
1 247.664036 248.128435
1 248.151655 248.616054
1 248.639274 249.103673
1 249.126893 249.591293
1 249.614512 250.078912
1 250.102132 250.566531
1 250.589751 251.054150
1 251.077370 251.541769
1 251.564989 252.029388
1 252.052608 252.517007
1 252.540227 253.004626
1 253.027846 253.492245
1 253.515465 253.979864
1 254.003084 254.467483
1 254.490703 254.955102
1 254.978322 255.442721
1 255.465941 255.930340
1 255.953560 256.417959
1 256.441179 256.905578
1 256.928798 257.393197
1 257.416417 257.880816
1 257.904036 258.368435
1 258.391655 258.856054
1 258.879274 259.343673
1 259.366893 259.831293
1 259.854512 260.318912
1 260.342132 260.806531
1 260.829751 261.294150
1 261.317370 261.781769
1 261.804989 262.269388
1 262.292608 262.757007
1 262.780227 263.244626
1 263.267846 263.732245
1 263.755465 264.219864
1 264.243084 264.707483
1 264.730703 265.195102
1 265.218322 265.682721
1 265.705941 266.170340
1 266.193560 266.657959
1 266.681179 267.145578
1 267.168798 267.633197
1 267.656417 268.120816
1 268.144036 268.608435
1 268.631655 269.096054
1 269.119274 269.583673
1 269.606893 270.071293
1 270.094512 270.558912
1 270.582132 271.046531
1 271.069751 271.534150
1 271.557370 272.021769
1 272.044989 272.509388
1 272.532608 272.997007
1 273.020227 273.484626
1 273.507846 273.972245
1 273.995465 274.459864
1 274.483084 274.947483
1 274.970703 275.435102
1 275.458322 275.922721
1 275.945941 276.410340
1 276.433560 276.897959
1 276.921179 277.385578
1 277.408798 277.873197
1 277.896417 278.360816
1 278.384036 278.848435
1 278.871655 279.336054
1 279.359274 279.823673
1 279.846893 280.311293
1 280.334512 280.798912
1 280.822132 281.286531
1 281.309751 281.774150
1 281.797370 282.261769
1 282.284989 282.749388
1 282.772608 283.237007
1 283.260227 283.724626
1 283.747846 284.212245
1 284.235465 284.699864
1 284.723084 285.187483
1 285.210703 285.675102
1 285.698322 286.162721
1 286.185941 286.650340
1 286.673560 287.137959
1 287.161179 287.625578
1 287.648798 288.113197
1 288.136417 288.600816
1 288.624036 289.088435
1 289.111655 289.576054
1 289.599274 290.063673
1 290.086893 290.551293
1 290.574512 291.038912
1 291.062132 291.526531
1 291.549751 292.014150
1 292.037370 292.501769
1 292.524989 292.989388
1 293.012608 293.477007
1 293.500227 293.964626
1 293.987846 294.452245
1 294.475465 294.939864
1 294.963084 295.427483
1 295.450703 295.915102
1 295.938322 296.402721
1 296.425941 296.890340
1 296.913560 297.377959
1 297.401179 297.865578
1 297.888798 298.353197
1 298.376417 298.840816
1 298.864036 299.328435
1 299.351655 299.816054
1 299.839274 300.303673
1 300.326893 300.791293
1 300.814512 301.278912
1 301.302132 301.766531
1 301.789751 302.254150
1 302.277370 302.741769
1 302.764989 303.229388
1 303.252608 303.717007
1 303.740227 304.204626
1 304.227846 304.692245
1 304.715465 305.179864
1 305.203084 305.667483
1 305.690703 306.155102
1 306.178322 306.642721
1 306.665941 307.130340
1 307.153560 307.617959
1 307.641179 308.105578
1 308.128798 308.593197
1 308.616417 309.080816
1 309.104036 309.568435
1 309.591655 310.056054
1 310.079274 310.543673
1 310.566893 311.031293
1 311.054512 311.518912
1 311.542132 312.006531
1 312.029751 312.494150
1 312.517370 312.981769
1 313.004989 313.469388
1 313.492608 313.957007
1 313.980227 314.444626
1 314.467846 314.932245
1 314.955465 315.419864
1 315.443084 315.907483
1 315.930703 316.395102
1 316.418322 316.882721
1 316.905941 317.370340
1 317.393560 317.857959
1 317.881179 318.345578
1 318.368798 318.833197
1 318.856417 319.320816
1 319.344036 319.808435
1 319.831655 320.296054
1 320.319274 320.783673
1 320.806893 321.271293
1 321.294512 321.758912
1 321.782132 322.246531
1 322.269751 322.734150
1 322.757370 323.221769
1 323.244989 323.709388
1 323.732608 324.197007
1 324.220227 324.684626
1 324.707846 325.172245
1 325.195465 325.659864
1 325.683084 326.147483
1 326.170703 326.635102
1 326.658322 327.122721
1 327.145941 327.610340
1 327.633560 328.097959
1 328.121179 328.585578
1 328.608798 329.073197
1 329.096417 329.560816
1 329.584036 330.048435
1 330.071655 330.536054
1 330.559274 331.023673
1 331.046893 331.511293
1 331.534512 331.998912
1 332.022132 332.486531
1 332.509751 332.974150
1 332.997370 333.461769
1 333.484989 333.949388
1 333.972608 334.437007
1 334.460227 334.924626
1 334.947846 335.412245
1 335.435465 335.899864
1 335.923084 336.387483
1 336.410703 336.875102
1 336.898322 337.362721
1 337.385941 337.850340
1 337.873560 338.337959
1 338.361179 338.825578
1 338.848798 339.313197
1 339.336417 339.800816
1 339.824036 340.288435
1 340.311655 340.776054
1 340.799274 341.263673
1 341.286893 341.751293
1 341.774512 342.238912
1 342.262132 342.726531
1 342.749751 343.214150
1 343.237370 343.701769
1 343.724989 344.189388
1 344.212608 344.677007
1 344.700227 345.164626
1 345.187846 345.652245
1 345.675465 346.139864
1 346.163084 346.627483
1 346.650703 347.115102
1 347.138322 347.602721
1 347.625941 348.090340
1 348.113560 348.577959
1 348.601179 349.065578
1 349.088798 349.553197
1 349.576417 350.040816
1 350.064036 350.528435
1 350.551655 351.016054
1 351.039274 351.503673
1 351.526893 351.991293
1 352.014512 352.478912
1 352.502132 352.966531
1 352.989751 353.454150
1 353.477370 353.941769
1 353.964989 354.429388
1 354.452608 354.917007
1 354.940227 355.404626
1 355.427846 355.892245
1 355.915465 356.379864
1 356.403084 356.867483
1 356.890703 357.355102
1 357.378322 357.842721
1 357.865941 358.330340
1 358.353560 358.817959
1 358.841179 359.305578
1 359.328798 359.793197
1 359.816417 360.280816
1 360.304036 360.768435
1 360.791655 361.256054
1 361.279274 361.743673
1 361.766893 362.231293
1 362.254512 362.718912
1 362.742132 363.206531
1 363.229751 363.694150
1 363.717370 364.181769
1 364.204989 364.669388
1 364.692608 365.157007
1 365.180227 365.644626
1 365.667846 366.132245
1 366.155465 366.619864
1 366.643084 367.107483
1 367.130703 367.595102
1 367.618322 368.082721
1 368.105941 368.570340
1 368.593560 369.057959
1 369.081179 369.545578
1 369.568798 370.033197
1 370.056417 370.520816
1 370.544036 371.008435
1 371.031655 371.496054
1 371.519274 371.983673
1 372.006893 372.471293
1 372.494512 372.958912
1 372.982132 373.446531
1 373.469751 373.934150
1 373.957370 374.421769
1 374.444989 374.909388
1 374.932608 375.397007
1 375.420227 375.884626
1 375.907846 376.372245
1 376.395465 376.859864
1 376.883084 377.347483
1 377.370703 377.835102
1 377.858322 378.322721
1 378.345941 378.810340
1 378.833560 379.297959
1 379.321179 379.785578
1 379.808798 380.273197
1 380.296417 380.760816
1 380.784036 381.248435
1 381.271655 381.736054
1 381.759274 382.223673
1 382.246893 382.711293
1 382.734512 383.198912
1 383.222132 383.686531
1 383.709751 384.174150
1 384.197370 384.661769
1 384.684989 385.149388
1 385.172608 385.637007
1 385.660227 386.124626
1 386.147846 386.612245
1 386.635465 387.099864
1 387.123084 387.587483
1 387.610703 388.075102
1 388.098322 388.562721
1 388.585941 389.050340
1 389.073560 389.537959
1 389.561179 390.025578
1 390.048798 390.513197
1 390.536417 391.000816
1 391.024036 391.488435
1 391.511655 391.976054
1 391.999274 392.463673
1 392.486893 392.951293
1 392.974512 393.438912
1 393.462132 393.926531
1 393.949751 394.414150
1 394.437370 394.901769
1 394.924989 395.389388
1 395.412608 395.877007
1 395.900227 396.364626
1 396.387846 396.852245
1 396.875465 397.339864
1 397.363084 397.827483
1 397.850703 398.315102
1 398.338322 398.802721
1 398.825941 399.290340
1 399.313560 399.777959
1 399.801179 400.265578
1 400.288798 400.753197
1 400.776417 401.240816
1 401.264036 401.728435
1 401.751655 402.216054
1 402.239274 402.703673
1 402.726893 403.191293
1 403.214512 403.678912
1 403.702132 404.166531
1 404.189751 404.654150
1 404.677370 405.141769
1 405.164989 405.629388
1 405.652608 406.117007
1 406.140227 406.604626
1 406.627846 407.092245
1 407.115465 407.579864
1 407.603084 408.067483
1 408.090703 408.555102
1 408.578322 409.042721
1 409.065941 409.530340
1 409.553560 410.017959
1 410.041179 410.505578
1 410.528798 410.993197
1 411.016417 411.480816
1 411.504036 411.968435
1 411.991655 412.456054
1 412.479274 412.943673
1 412.966893 413.431293
1 413.454512 413.918912
1 413.942132 414.406531
1 414.429751 414.894150
1 414.917370 415.381769
1 415.404989 415.869388
1 415.892608 416.357007
1 416.380227 416.844626
1 416.867846 417.332245
1 417.355465 417.819864
1 417.843084 418.307483
1 418.330703 418.795102
1 418.818322 419.282721
1 419.305941 419.770340
1 419.793560 420.257959
1 420.281179 420.745578
1 420.768798 421.233197
1 421.256417 421.720816
1 421.744036 422.208435
1 422.231655 422.696054
1 422.719274 423.183673
1 423.206893 423.671293
1 423.694512 424.158912
1 424.182132 424.646531
1 424.669751 425.134150
1 425.157370 425.621769
1 425.644989 426.109388
1 426.132608 426.597007
1 426.620227 427.084626
1 427.107846 427.572245
1 427.595465 428.059864
1 428.083084 428.547483
1 428.570703 429.035102
1 429.058322 429.522721
1 429.545941 430.010340
1 430.033560 430.497959
1 430.521179 430.985578
1 431.008798 431.473197
1 431.496417 431.960816
1 431.984036 432.448435
1 432.471655 432.936054
1 432.959274 433.423673
1 433.446893 433.911293
1 433.934512 434.398912
1 434.422132 434.886531
1 434.909751 435.374150
1 435.397370 435.861769
1 435.884989 436.349388
1 436.372608 436.837007
1 436.860227 437.324626
1 437.347846 437.812245
1 437.835465 438.299864
1 438.323084 438.787483
1 438.810703 439.275102
1 439.298322 439.762721
1 439.785941 440.250340
1 440.273560 440.737959
1 440.761179 441.225578
1 441.248798 441.713197
1 441.736417 442.200816
1 442.224036 442.688435
1 442.711655 443.176054
1 443.199274 443.663673
1 443.686893 444.151293
1 444.174512 444.638912
1 444.662132 445.126531
1 445.149751 445.614150
1 445.637370 446.101769
1 446.124989 446.589388
1 446.612608 447.077007
1 447.100227 447.564626
1 447.587846 448.052245
1 448.075465 448.539864
1 448.563084 449.027483
1 449.050703 449.515102
1 449.538322 450.002721
1 450.025941 450.490340
1 450.513560 450.977959
1 451.001179 451.465578
1 451.488798 451.953197
1 451.976417 452.440816
1 452.464036 452.928435
1 452.951655 453.416054
1 453.439274 453.903673
1 453.926893 454.391293
1 454.414512 454.878912
1 454.902132 455.366531
1 455.389751 455.854150
1 455.877370 456.341769
1 456.364989 456.829388
1 456.852608 457.317007
1 457.340227 457.804626
1 457.827846 458.292245
1 458.315465 458.779864
1 458.803084 459.267483
1 459.290703 459.755102
1 459.778322 460.242721
1 460.265941 460.730340
1 460.753560 461.217959
1 461.241179 461.705578
1 461.728798 462.193197
1 462.216417 462.680816
1 462.704036 463.168435
1 463.191655 463.656054
1 463.679274 464.143673
1 464.166893 464.631293
1 464.654512 465.118912
1 465.142132 465.606531
1 465.629751 466.094150
1 466.117370 466.581769
1 466.604989 467.069388
1 467.092608 467.557007
1 467.580227 468.044626
1 468.067846 468.532245
1 468.555465 469.019864
1 469.043084 469.507483
1 469.530703 469.995102
1 470.018322 470.482721
1 470.505941 470.970340
1 470.993560 471.457959
1 471.481179 471.945578
1 471.968798 472.433197
1 472.456417 472.920816
1 472.944036 473.408435
1 473.431655 473.896054
1 473.919274 474.383673
1 474.406893 474.871293
1 474.894512 475.358912
1 475.382132 475.846531
1 475.869751 476.334150
1 476.357370 476.821769
1 476.844989 477.309388
1 477.332608 477.797007
1 477.820227 478.284626
1 478.307846 478.772245
1 478.795465 479.259864
1 479.283084 479.747483
1 479.770703 480.235102
1 480.258322 480.722721
1 480.745941 481.210340
1 481.233560 481.697959
1 481.721179 482.185578
1 482.208798 482.673197
1 482.696417 483.160816
1 483.184036 483.648435
1 483.671655 484.136054
1 484.159274 484.623673
1 484.646893 485.111293
1 485.134512 485.598912
1 485.622132 486.086531
1 486.109751 486.574150
1 486.597370 487.061769
1 487.084989 487.549388
1 487.572608 488.037007
1 488.060227 488.524626
1 488.547846 489.012245
1 489.035465 489.499864
1 489.523084 489.987483
1 490.010703 490.475102
1 490.498322 490.962721
1 490.985941 491.450340
1 491.473560 491.937959
1 491.961179 492.425578
1 492.448798 492.913197
1 492.936417 493.400816
1 493.424036 493.888435
1 493.911655 494.376054
1 494.399274 494.863673
1 494.886893 495.351293
1 495.374512 495.838912
1 495.862132 496.326531
1 496.349751 496.814150
1 496.837370 497.301769
1 497.324989 497.789388
1 497.812608 498.277007
1 498.300227 498.764626
1 498.787846 499.252245
1 499.275465 499.739864
1 499.763084 500.227483
1 500.250703 500.715102
1 500.738322 501.202721
1 501.225941 501.690340
1 501.713560 502.177959
1 502.201179 502.665578
1 502.688798 503.153197
1 503.176417 503.640816
1 503.664036 504.128435
1 504.151655 504.616054
1 504.639274 505.103673
1 505.126893 505.591293
1 505.614512 506.078912
1 506.102132 506.566531
1 506.589751 507.054150
1 507.077370 507.541769
1 507.564989 508.029388
1 508.052608 508.517007
1 508.540227 509.004626
1 509.027846 509.492245
1 509.515465 509.979864
1 510.003084 510.467483
1 510.490703 510.955102
1 510.978322 511.442721
1 511.465941 511.930340
1 511.953560 512.417959
1 512.441179 512.905578
1 512.928798 513.393197
1 513.416417 513.880816
1 513.904036 514.368435
1 514.391655 514.856054
1 514.879274 515.343673
1 515.366893 515.831293
1 515.854512 516.318912
1 516.342132 516.806531
1 516.829751 517.294150
1 517.317370 517.781769
1 517.804989 518.269388
1 518.292608 518.757007
1 518.780227 519.244626
1 519.267846 519.732245
1 519.755465 520.219864
1 520.243084 520.707483
1 520.730703 521.195102
1 521.218322 521.682721
1 521.705941 522.170340
1 522.193560 522.657959
1 522.681179 523.145578
1 523.168798 523.633197
1 523.656417 524.120816
1 524.144036 524.608435
1 524.631655 525.096054
1 525.119274 525.583673
1 525.606893 526.071293
1 526.094512 526.558912
1 526.582132 527.046531
1 527.069751 527.534150
1 527.557370 528.021769
1 528.044989 528.509388
1 528.532608 528.997007
1 529.020227 529.484626
1 529.507846 529.972245
1 529.995465 530.459864
1 530.483084 530.947483
1 530.970703 531.435102
1 531.458322 531.922721
1 531.945941 532.410340
1 532.433560 532.897959
1 532.921179 533.385578
1 533.408798 533.873197
1 533.896417 534.360816
1 534.384036 534.848435
1 534.871655 535.336054
1 535.359274 535.823673
1 535.846893 536.311293
1 536.334512 536.798912
1 536.822132 537.286531
1 537.309751 537.774150
1 537.797370 538.261769
1 538.284989 538.749388
1 538.772608 539.237007
1 539.260227 539.724626
1 539.747846 540.212245
1 540.235465 540.699864
1 540.723084 541.187483
1 541.210703 541.675102
1 541.698322 542.162721
1 542.185941 542.650340
1 542.673560 543.137959
1 543.161179 543.625578
1 543.648798 544.113197
1 544.136417 544.600816
1 544.624036 545.088435
1 545.111655 545.576054
1 545.599274 546.063673
1 546.086893 546.551293
1 546.574512 547.038912
1 547.062132 547.526531
1 547.549751 548.014150
1 548.037370 548.501769
1 548.524989 548.989388
1 549.012608 549.477007
1 549.500227 549.964626
1 549.987846 550.452245
1 550.475465 550.939864
1 550.963084 551.427483
1 551.450703 551.915102
1 551.938322 552.402721
1 552.425941 552.890340
1 552.913560 553.377959
1 553.401179 553.865578
1 553.888798 554.353197
1 554.376417 554.840816
1 554.864036 555.328435
1 555.351655 555.816054
1 555.839274 556.303673
1 556.326893 556.791293
1 556.814512 557.278912
1 557.302132 557.766531
1 557.789751 558.254150
1 558.277370 558.741769
1 558.764989 559.229388
1 559.252608 559.717007
1 559.740227 560.204626
1 560.227846 560.692245
1 560.715465 561.179864
1 561.203084 561.667483
1 561.690703 562.155102
1 562.178322 562.642721
1 562.665941 563.130340
1 563.153560 563.617959
1 563.641179 564.105578
1 564.128798 564.593197
1 564.616417 565.080816
1 565.104036 565.568435
1 565.591655 566.056054
1 566.079274 566.543673
1 566.566893 567.031293
1 567.054512 567.518912
1 567.542132 568.006531
1 568.029751 568.494150
1 568.517370 568.981769
1 569.004989 569.469388
1 569.492608 569.957007
1 569.980227 570.444626
1 570.467846 570.932245
1 570.955465 571.419864
1 571.443084 571.907483
1 571.930703 572.395102
1 572.418322 572.882721
1 572.905941 573.370340
1 573.393560 573.857959
1 573.881179 574.345578
1 574.368798 574.833197
1 574.856417 575.320816
1 575.344036 575.808435
1 575.831655 576.296054
1 576.319274 576.783673
1 576.806893 577.271293
1 577.294512 577.758912
1 577.782132 578.246531
1 578.269751 578.734150
1 578.757370 579.221769
1 579.244989 579.709388
1 579.732608 580.197007
1 580.220227 580.684626
1 580.707846 581.172245
1 581.195465 581.659864
1 581.683084 582.147483
1 582.170703 582.635102
1 582.658322 583.122721
1 583.145941 583.610340
1 583.633560 584.097959
1 584.121179 584.585578
1 584.608798 585.073197
1 585.096417 585.560816
1 585.584036 586.048435
1 586.071655 586.536054
1 586.559274 587.023673
1 587.046893 587.511293
1 587.534512 587.998912
1 588.022132 588.486531
1 588.509751 588.974150
1 588.997370 589.461769
1 589.484989 589.949388
1 589.972608 590.437007
1 590.460227 590.924626
1 590.947846 591.412245
1 591.435465 591.899864
1 591.923084 592.387483
1 592.410703 592.875102
1 592.898322 593.362721
1 593.385941 593.850340
1 593.873560 594.337959
1 594.361179 594.825578
1 594.848798 595.313197
1 595.336417 595.800816
1 595.824036 596.288435
1 596.311655 596.776054
1 596.799274 597.263673
1 597.286893 597.751293
1 597.774512 598.238912
1 598.262132 598.726531
1 598.749751 599.214150
1 599.237370 599.701769
1 599.724989 600.189388
1 600.212608 600.677007
1 600.700227 601.164626
1 601.187846 601.652245
1 601.675465 602.139864
1 602.163084 602.627483
1 602.650703 603.115102
1 603.138322 603.602721
1 603.625941 604.090340
1 604.113560 604.577959
1 604.601179 605.065578
1 605.088798 605.553197
1 605.576417 606.040816
1 606.064036 606.528435
1 606.551655 607.016054
1 607.039274 607.503673
1 607.526893 607.991293
1 608.014512 608.478912
1 608.502132 608.966531
1 608.989751 609.454150
1 609.477370 609.941769
1 609.964989 610.429388
1 610.452608 610.917007
1 610.940227 611.404626
1 611.427846 611.892245
1 611.915465 612.379864
1 612.403084 612.867483
1 612.890703 613.355102
1 613.378322 613.842721
1 613.865941 614.330340
1 614.353560 614.817959
1 614.841179 615.305578
1 615.328798 615.793197
1 615.816417 616.280816
1 616.304036 616.768435
1 616.791655 617.256054
1 617.279274 617.743673
1 617.766893 618.231293
1 618.254512 618.718912
1 618.742132 619.206531
1 619.229751 619.694150
1 619.717370 620.181769
1 620.204989 620.669388
1 620.692608 621.157007
1 621.180227 621.644626
1 621.667846 622.132245
1 622.155465 622.619864
1 622.643084 623.107483
1 623.130703 623.595102
1 623.618322 624.082721
1 624.105941 624.570340
1 624.593560 625.057959
1 625.081179 625.545578
1 625.568798 626.033197
1 626.056417 626.520816
1 626.544036 627.008435
1 627.031655 627.496054
1 627.519274 627.983673
1 628.006893 628.471293
1 628.494512 628.958912
1 628.982132 629.446531
1 629.469751 629.934150
1 629.957370 630.421769
1 630.444989 630.909388
1 630.932608 631.397007
1 631.420227 631.884626
1 631.907846 632.372245
1 632.395465 632.859864
1 632.883084 633.347483
1 633.370703 633.835102
1 633.858322 634.322721
1 634.345941 634.810340
1 634.833560 635.297959
1 635.321179 635.785578
1 635.808798 636.273197
1 636.296417 636.760816
1 636.784036 637.248435
1 637.271655 637.736054
1 637.759274 638.223673
1 638.246893 638.711293
1 638.734512 639.198912
1 639.222132 639.686531
1 639.709751 640.174150
1 640.197370 640.661769
1 640.684989 641.149388
1 641.172608 641.637007
1 641.660227 642.124626
1 642.147846 642.612245
1 642.635465 643.099864
1 643.123084 643.587483
1 643.610703 644.075102
1 644.098322 644.562721
1 644.585941 645.050340
1 645.073560 645.537959
1 645.561179 646.025578
1 646.048798 646.513197
1 646.536417 647.000816
1 647.024036 647.488435
1 647.511655 647.976054
1 647.999274 648.463673
1 648.486893 648.951293
1 648.974512 649.438912
1 649.462132 649.926531
1 649.949751 650.414150
1 650.437370 650.901769
1 650.924989 651.389388
1 651.412608 651.877007
1 651.900227 652.364626
1 652.387846 652.852245
1 652.875465 653.339864
1 653.363084 653.827483
1 653.850703 654.315102
1 654.338322 654.802721
1 654.825941 655.290340
1 655.313560 655.777959
1 655.801179 656.265578
1 656.288798 656.753197
1 656.776417 657.240816
1 657.264036 657.728435
1 657.751655 658.216054
1 658.239274 658.703673
1 658.726893 659.191293
1 659.214512 659.678912
1 659.702132 660.166531
1 660.189751 660.654150
1 660.677370 661.141769
1 661.164989 661.629388
1 661.652608 662.117007
1 662.140227 662.604626
1 662.627846 663.092245
1 663.115465 663.579864
1 663.603084 664.067483
1 664.090703 664.555102
1 664.578322 665.042721
1 665.065941 665.530340
1 665.553560 666.017959
1 666.041179 666.505578
1 666.528798 666.993197
1 667.016417 667.480816
1 667.504036 667.968435
1 667.991655 668.456054
1 668.479274 668.943673
1 668.966893 669.431293
1 669.454512 669.918912
1 669.942132 670.406531
1 670.429751 670.894150
1 670.917370 671.381769
1 671.404989 671.869388
1 671.892608 672.357007
1 672.380227 672.844626
1 672.867846 673.332245
1 673.355465 673.819864
1 673.843084 674.307483
1 674.330703 674.795102
1 674.818322 675.282721
1 675.305941 675.770340
1 675.793560 676.257959
1 676.281179 676.745578
1 676.768798 677.233197
1 677.256417 677.720816
1 677.744036 678.208435
1 678.231655 678.696054
1 678.719274 679.183673
1 679.206893 679.671293
1 679.694512 680.158912
1 680.182132 680.646531
1 680.669751 681.134150
1 681.157370 681.621769
1 681.644989 682.109388
1 682.132608 682.597007
1 682.620227 683.084626
1 683.107846 683.572245
1 683.595465 684.059864
1 684.083084 684.547483
1 684.570703 685.035102
1 685.058322 685.522721
1 685.545941 686.010340
1 686.033560 686.497959
1 686.521179 686.985578
1 687.008798 687.473197
1 687.496417 687.960816
1 687.984036 688.448435
1 688.471655 688.936054
1 688.959274 689.423673
1 689.446893 689.911293
1 689.934512 690.398912
1 690.422132 690.886531
1 690.909751 691.374150
1 691.397370 691.861769
1 691.884989 692.349388
1 692.372608 692.837007
1 692.860227 693.324626
1 693.347846 693.812245
1 693.835465 694.299864
1 694.323084 694.787483
1 694.810703 695.275102
1 695.298322 695.762721
1 695.785941 696.250340
1 696.273560 696.737959
1 696.761179 697.225578
1 697.248798 697.713197
1 697.736417 698.200816
1 698.224036 698.688435
1 698.711655 699.176054
1 699.199274 699.663673
1 699.686893 700.151293
1 700.174512 700.638912
1 700.662132 701.126531
1 701.149751 701.614150
1 701.637370 702.101769
1 702.124989 702.589388
1 702.612608 703.077007
1 703.100227 703.564626
1 703.587846 704.052245
1 704.075465 704.539864
1 704.563084 705.027483
1 705.050703 705.515102
1 705.538322 706.002721
1 706.025941 706.490340
1 706.513560 706.977959
1 707.001179 707.465578
1 707.488798 707.953197
1 707.976417 708.440816
1 708.464036 708.928435
1 708.951655 709.416054
1 709.439274 709.903673
1 709.926893 710.391293
1 710.414512 710.878912
1 710.902132 711.366531
1 711.389751 711.854150
1 711.877370 712.341769
1 712.364989 712.829388
1 712.852608 713.317007
1 713.340227 713.804626
1 713.827846 714.292245
1 714.315465 714.779864
1 714.803084 715.267483
1 715.290703 715.755102
1 715.778322 716.242721
1 716.265941 716.730340
1 716.753560 717.217959
1 717.241179 717.705578
1 717.728798 718.193197
1 718.216417 718.680816
1 718.704036 719.168435
1 719.191655 719.656054
1 719.679274 720.143673
1 720.166893 720.631293
1 720.654512 721.118912
1 721.142132 721.606531
1 721.629751 722.094150
1 722.117370 722.581769
1 722.604989 723.069388
1 723.092608 723.557007
1 723.580227 724.044626
1 724.067846 724.532245
1 724.555465 725.019864
1 725.043084 725.507483
1 725.530703 725.995102
1 726.018322 726.482721
1 726.505941 726.970340
1 726.993560 727.457959
1 727.481179 727.945578
1 727.968798 728.433197
1 728.456417 728.920816
1 728.944036 729.408435
1 729.431655 729.896054
1 729.919274 730.383673
1 730.406893 730.871293
1 730.894512 731.358912
1 731.382132 731.846531
1 731.869751 732.334150
1 732.357370 732.821769
1 732.844989 733.309388
1 733.332608 733.797007
1 733.820227 734.098866
