1 1431240923500000
3 1431240924000000
5 1431240924500000
7 1431240925000000
9 1431240925500000
11 1431240926000000
13 1431240926500000
15 1431240927000000
17 1431240927500000
19 1431240928000000
21 1431240928500000
23 1431240929000000
25 1431240929500000
27 1431240930000000
29 1431240930500000
31 1431240931000000
33 1431240931500000
35 1431240932000000
37 1431240932500000
39 1431240933000000
41 1431240933500000
43 1431240934000000
45 1431240934500000
47 1431240935000000
49 1431240935500000
51 1431240936000000
53 1431240936500000
55 1431240937000000
57 1431240937500000
59 1431240938000000
61 1431240938500000
63 1431240939000000
65 1431240939500000
67 1431240940000000
69 1431240940500000
71 1431240941000000
73 1431240941500000
75 1431240942000000
77 1431240942500000
79 1431240943000000
81 1431240943500000
83 1431240944000000
85 1431240944500000
87 1431240945000000
89 1431240945500000
91 1431240946000000
93 1431240946500000
95 1431240947000000
97 1431240947500000
99 1431240948000000
101 1431240948500000
103 1431240949000000
105 1431240949500000
107 1431240950000000
109 1431240950500000
111 1431240951000000
113 1431240951500000
115 1431240952000000
117 1431240952500000
119 1431240953000000
121 1431240953500000
123 1431240954000000
125 1431240954500000
127 1431240955000000
129 1431240955500000
131 1431240956000000
133 1431240956500000
135 1431240957000000
137 1431240957500000
139 1431240958000000
141 1431240958500000
143 1431240959000000
145 1431240959500000
147 1431240960000000
149 1431240960500000
151 1431240961000000
153 1431240961500000
155 1431240962000000
157 1431240962500000
159 1431240963000000
161 1431240963500000
163 1431240964000000
165 1431240964500000
167 1431240965000000
169 1431240965500000
171 1431240966000000
173 1431240966500000
175 1431240967000000
177 1431240967500000
179 1431240968000000
181 1431240968500000
183 1431240969000000
185 1431240969500000
187 1431240970000000
189 1431240970500000
191 1431240971000000
193 1431240971500000
195 1431240972000000
197 1431240972500000
199 1431240973000000
201 1431240973500000
203 1431240974000000
205 1431240974500000
207 1431240975000000
209 1431240975500000
211 1431240976000000
213 1431240976500000
215 1431240977000000
217 1431240977500000
219 1431240978000000
221 1431240978500000
223 1431240979000000
225 1431240979500000
227 1431240980000000
229 1431240980500000
231 1431240981000000
233 1431240981500000
235 1431240982000000
237 1431240982500000
239 1431240983000000
241 1431240983500000
243 1431240984000000
245 1431240984500000
247 1431240985000000
249 1431240985500000
251 1431240986000000
253 1431240986500000
255 1431240987000000
257 1431240987500000
259 1431240988000000
261 1431240988500000
263 1431240989000000
265 1431240989500000
267 1431240990000000
269 1431240990500000
271 1431240991000000
273 1431240991500000
275 1431240992000000
277 1431240992500000
279 1431240993000000
281 1431240993500000
283 1431240994000000
285 1431240994500000
287 1431240995000000
289 1431240995500000
291 1431240996000000
293 1431240996500000
295 1431240997000000
297 1431240997500000
299 1431240998000000
301 1431240998500000
303 1431240999000000
305 1431240999500000
307 1431241000000000
309 1431241000500000
311 1431241001000000
313 1431241001500000
315 1431241002000000
317 1431241002500000
319 1431241003000000
321 1431241003500000
323 1431241004000000
325 1431241004500000
327 1431241005000000
329 1431241005500000
331 1431241006000000
333 1431241006500000
335 1431241007000000
337 1431241007500000
339 1431241008000000
341 1431241008500000
343 1431241009000000
345 1431241009500000
347 1431241010000000
349 1431241010500000
351 1431241011000000
353 1431241011500000
355 1431241012000000
357 1431241012500000
359 1431241013000000
361 1431241013500000
363 1431241014000000
365 1431241014500000
367 1431241015000000
369 1431241015500000
371 1431241016000000
373 1431241016500000
375 1431241017000000
377 1431241017500000
379 1431241018000000
381 1431241018500000
383 1431241019000000
385 1431241019500000
387 1431241020000000
389 1431241020500000
391 1431241021000000
393 1431241021500000
395 1431241022000000
397 1431241022500000
399 1431241023000000
401 1431241023500000
403 1431241024000000
405 1431241024500000
407 1431241025000000
409 1431241025500000
411 1431241026000000
413 1431241026500000
415 1431241027000000
417 1431241027500000
419 1431241028000000
421 1431241028500000
423 1431241029000000
425 1431241029500000
427 1431241030000000
429 1431241030500000
431 1431241031000000
433 1431241031500000
435 1431241032000000
437 1431241032500000
439 1431241033000000
441 1431241033500000
443 1431241034000000
445 1431241034500000
447 1431241035000000
449 1431241035500000
451 1431241036000000
453 1431241036500000
455 1431241037000000
457 1431241037500000
459 1431241038000000
461 1431241038500000
463 1431241039000000
465 1431241039500000
467 1431241040000000
469 1431241040500000
471 1431241041000000
473 1431241041500000
475 1431241042000000
477 1431241042500000
479 1431241043000000
481 1431241043500000
483 1431241044000000
485 1431241044500000
487 1431241045000000
489 1431241045500000
491 1431241046000000
493 1431241046500000
495 1431241047000000
497 1431241047500000
499 1431241048000000
501 1431241048500000
503 1431241049000000
505 1431241049500000
507 1431241050000000
509 1431241050500000
511 1431241051000000
513 1431241051500000
515 1431241052000000
517 1431241052500000
519 1431241053000000
521 1431241053500000
523 1431241054000000
525 1431241054500000
527 1431241055000000
529 1431241055500000
531 1431241056000000
533 1431241056500000
535 1431241057000000
537 1431241057500000
539 1431241058000000
541 1431241058500000
543 1431241059000000
545 1431241059500000
547 1431241060000000
549 1431241060500000
551 1431241061000000
553 1431241061500000
555 1431241062000000
557 1431241062500000
559 1431241063000000
561 1431241063500000
563 1431241064000000
565 1431241064500000
567 1431241065000000
569 1431241065500000
571 1431241066000000
573 1431241066500000
575 1431241067000000
577 1431241067500000
579 1431241068000000
581 1431241068500000
583 1431241069000000
585 1431241069500000
587 1431241070000000
589 1431241070500000
591 1431241071000000
593 1431241071500000
595 1431241072000000
597 1431241072500000
599 1431241073000000
601 1431241073500000
603 1431241074000000
605 1431241074500000
607 1431241075000000
609 1431241075500000
611 1431241076000000
613 1431241076500000
615 1431241077000000
617 1431241077500000
619 1431241078000000
621 1431241078500000
623 1431241079000000
625 1431241079500000
627 1431241080000000
629 1431241080500000
631 1431241081000000
633 1431241081500000
635 1431241082000000
637 1431241082500000
639 1431241083000000
641 1431241083500000
643 1431241084000000
645 1431241084500000
647 1431241085000000
649 1431241085500000
651 1431241086000000
653 1431241086500000
655 1431241087000000
657 1431241087500000
659 1431241088000000
661 1431241088500000
663 1431241089000000
665 1431241089500000
667 1431241090000000
669 1431241090500000
671 1431241091000000
673 1431241091500000
675 1431241092000000
677 1431241092500000
679 1431241093000000
681 1431241093500000
683 1431241094000000
685 1431241094500000
687 1431241095000000
689 1431241095500000
691 1431241096000000
693 1431241096500000
695 1431241097000000
697 1431241097500000
699 1431241098000000
701 1431241098500000
703 1431241099000000
705 1431241099500000
707 1431241100000000
709 1431241100500000
711 1431241101000000
713 1431241101500000
715 1431241102000000
717 1431241102500000
719 1431241103000000
721 1431241103500000
723 1431241104000000
725 1431241104500000
727 1431241105000000
729 1431241105500000
731 1431241106000000
733 1431241106500000
735 1431241107000000
737 1431241107500000
739 1431241108000000
741 1431241108500000
743 1431241109000000
745 1431241109500000
747 1431241110000000
749 1431241110500000
751 1431241111000000
753 1431241111500000
755 1431241112000000
757 1431241112500000
759 1431241113000000
761 1431241113500000
763 1431241114000000
765 1431241114500000
767 1431241115000000
769 1431241115500000
771 1431241116000000
773 1431241116500000
775 1431241117000000
777 1431241117500000
779 1431241118000000
781 1431241118500000
783 1431241119000000
785 1431241119500000
787 1431241120000000
789 1431241120500000
791 1431241121000000
793 1431241121500000
795 1431241122000000
797 1431241122500000
799 1431241123000000
801 1431241123500000
803 1431241124000000
805 1431241124500000
807 1431241125000000
809 1431241125500000
811 1431241126000000
813 1431241126500000
815 1431241127000000
817 1431241127500000
819 1431241128000000
821 1431241128500000
823 1431241129000000
825 1431241129500000
827 1431241130000000
829 1431241130500000
831 1431241131000000
833 1431241131500000
835 1431241132000000
837 1431241132500000
839 1431241133000000
841 1431241133500000
843 1431241134000000
845 1431241134500000
847 1431241135000000
849 1431241135500000
851 1431241136000000
853 1431241136500000
855 1431241137000000
857 1431241137500000
859 1431241138000000
861 1431241138500000
863 1431241139000000
865 1431241139500000
867 1431241140000000
869 1431241140500000
871 1431241141000000
873 1431241141500000
875 1431241142000000
877 1431241142500000
879 1431241143000000
881 1431241143500000
883 1431241144000000
885 1431241144500000
887 1431241145000000
889 1431241145500000
891 1431241146000000
893 1431241146500000
895 1431241147000000
897 1431241147500000
899 1431241148000000
901 1431241148500000
903 1431241149000000
905 1431241149500000
907 1431241150000000
909 1431241150500000
911 1431241151000000
913 1431241151500000
915 1431241152000000
917 1431241152500000
919 1431241153000000
921 1431241153500000
923 1431241154000000
925 1431241154500000
927 1431241155000000
929 1431241155500000
931 1431241156000000
933 1431241156500000
935 1431241157000000
937 1431241157500000
939 1431241158000000
941 1431241158500000
943 1431241159000000
945 1431241159500000
947 1431241160000000
949 1431241160500000
951 1431241161000000
953 1431241161500000
955 1431241162000000
957 1431241162500000
959 1431241163000000
961 1431241163500000
963 1431241164000000
965 1431241164500000
967 1431241165000000
969 1431241165500000
971 1431241166000000
973 1431241166500000
975 1431241167000000
977 1431241167500000
979 1431241168000000
981 1431241168500000
983 1431241169000000
985 1431241169500000
987 1431241170000000
989 1431241170500000
991 1431241171000000
993 1431241171500000
995 1431241172000000
997 1431241172500000
999 1431241173000000
1001 1431241173500000
1003 1431241174000000
1005 1431241174500000
1007 1431241175000000
1009 1431241175500000
1011 1431241176000000
1013 1431241176500000
1015 1431241177000000
1017 1431241177500000
1019 1431241178000000
1021 1431241178500000
1023 1431241179000000
1025 1431241179500000
1027 1431241180000000
1029 1431241180500000
1031 1431241181000000
1033 1431241181500000
1035 1431241182000000
1037 1431241182500000
1039 1431241183000000
1041 1431241183500000
1043 1431241184000000
1045 1431241184500000
1047 1431241185000000
1049 1431241185500000
1051 1431241186000000
1053 1431241186500000
1055 1431241187000000
1057 1431241187500000
1059 1431241188000000
1061 1431241188500000
1063 1431241189000000
1065 1431241189500000
1067 1431241190000000
1069 1431241190500000
1071 1431241191000000
1073 1431241191500000
1075 1431241192000000
1077 1431241192500000
1079 1431241193000000
1081 1431241193500000
1083 1431241194000000
1085 1431241194500000
1087 1431241195000000
1089 1431241195500000
1091 1431241196000000
1093 1431241196500000
1095 1431241197000000
1097 1431241197500000
1099 1431241198000000
1101 1431241198500000
1103 1431241199000000
1105 1431241199500000
1107 1431241200000000
1109 1431241200500000
1111 1431241201000000
1113 1431241201500000
1115 1431241202000000
1117 1431241202500000
1119 1431241203000000
1121 1431241203500000
1123 1431241204000000
1125 1431241204500000
1127 1431241205000000
1129 1431241205500000
1131 1431241206000000
1133 1431241206500000
1135 1431241207000000
1137 1431241207500000
1139 1431241208000000
1141 1431241208500000
1143 1431241209000000
1145 1431241209500000
1147 1431241210000000
1149 1431241210500000
1151 1431241211000000
1153 1431241211500000
1155 1431241212000000
1157 1431241212500000
1159 1431241213000000
1161 1431241213500000
1163 1431241214000000
1165 1431241214500000
1167 1431241215000000
1169 1431241215500000
1171 1431241216000000
1173 1431241216500000
1175 1431241217000000
1177 1431241217500000
1179 1431241218000000
1181 1431241218500000
1183 1431241219000000
1185 1431241219500000
1187 1431241220000000
1189 1431241220500000
1191 1431241221000000
1193 1431241221500000
1195 1431241222000000
1197 1431241222500000
1199 1431241223000000
1201 1431241223500000
1203 1431241224000000
1205 1431241224500000
1207 1431241225000000
1209 1431241225500000
1211 1431241226000000
1213 1431241226500000
1215 1431241227000000
1217 1431241227500000
1219 1431241228000000
1221 1431241228500000
1223 1431241229000000
1225 1431241229500000
1227 1431241230000000
1229 1431241230500000
1231 1431241231000000
1233 1431241231500000
1235 1431241232000000
1237 1431241232500000
1239 1431241233000000
1241 1431241233500000
1243 1431241234000000
1245 1431241234500000
1247 1431241235000000
1249 1431241235500000
1251 1431241236000000
1253 1431241236500000
1255 1431241237000000
1257 1431241237500000
1259 1431241238000000
1261 1431241238500000
1263 1431241239000000
1265 1431241239500000
1267 1431241240000000
1269 1431241240500000
1271 1431241241000000
1273 1431241241500000
1275 1431241242000000
1277 1431241242500000
1279 1431241243000000
1281 1431241243500000
1283 1431241244000000
1285 1431241244500000
1287 1431241245000000
1289 1431241245500000
1291 1431241246000000
1293 1431241246500000
1295 1431241247000000
1297 1431241247500000
1299 1431241248000000
1301 1431241248500000
1303 1431241249000000
1305 1431241249500000
1307 1431241250000000
1309 1431241250500000
1311 1431241251000000
1313 1431241251500000
1315 1431241252000000
1317 1431241252500000
1319 1431241253000000
1321 1431241253500000
1323 1431241254000000
1325 1431241254500000
1327 1431241255000000
1329 1431241255500000
1331 1431241256000000
1333 1431241256500000
1335 1431241257000000
1337 1431241257500000
1339 1431241258000000
1341 1431241258500000
1343 1431241259000000
1345 1431241259500000
1347 1431241260000000
1349 1431241260500000
1351 1431241261000000
1353 1431241261500000
1355 1431241262000000
1357 1431241262500000
1359 1431241263000000
1361 1431241263500000
1363 1431241264000000
1365 1431241264500000
1367 1431241265000000
1369 1431241265500000
1371 1431241266000000
1373 1431241266500000
1375 1431241267000000
1377 1431241267500000
1379 1431241268000000
1381 1431241268500000
1383 1431241269000000
1385 1431241269500000
1387 1431241270000000
1389 1431241270500000
1391 1431241271000000
1393 1431241271500000
1395 1431241272000000
1397 1431241272500000
1399 1431241273000000
1401 1431241273500000
1403 1431241274000000
1405 1431241274500000
1407 1431241275000000
1409 1431241275500000
1411 1431241276000000
1413 1431241276500000
1415 1431241277000000
1417 1431241277500000
1419 1431241278000000
1421 1431241278500000
1423 1431241279000000
1425 1431241279500000
1427 1431241280000000
1429 1431241280500000
1431 1431241281000000
1433 1431241281500000
1435 1431241282000000
1437 1431241282500000
1439 1431241283000000
1441 1431241283500000
1443 1431241284000000
1445 1431241284500000
1447 1431241285000000
1449 1431241285500000
1451 1431241286000000
1453 1431241286500000
1455 1431241287000000
1457 1431241287500000
1459 1431241288000000
1461 1431241288500000
1463 1431241289000000
1465 1431241289500000
1467 1431241290000000
1469 1431241290500000
1471 1431241291000000
1473 1431241291500000
1475 1431241292000000
1477 1431241292500000
1479 1431241293000000
1481 1431241293500000
1483 1431241294000000
1485 1431241294500000
1487 1431241295000000
1489 1431241295500000
1491 1431241296000000
1493 1431241296500000
1495 1431241297000000
1497 1431241297500000
1499 1431241298000000
1501 1431241298500000
1503 1431241299000000
1505 1431241299500000
1507 1431241300000000
1509 1431241300500000
1511 1431241301000000
1513 1431241301500000
1515 1431241302000000
1517 1431241302500000
1519 1431241303000000
1521 1431241303500000
1523 1431241304000000
1525 1431241304500000
1527 1431241305000000
1529 1431241305500000
1531 1431241306000000
1533 1431241306500000
1535 1431241307000000
1537 1431241307500000
1539 1431241308000000
1541 1431241308500000
1543 1431241309000000
1545 1431241309500000
1547 1431241310000000
1549 1431241310500000
1551 1431241311000000
1553 1431241311500000
1555 1431241312000000
1557 1431241312500000
1559 1431241313000000
1561 1431241313500000
1563 1431241314000000
1565 1431241314500000
1567 1431241315000000
1569 1431241315500000
1571 1431241316000000
1573 1431241316500000
1575 1431241317000000
1577 1431241317500000
1579 1431241318000000
1581 1431241318500000
1583 1431241319000000
1585 1431241319500000
1587 1431241320000000
1589 1431241320500000
1591 1431241321000000
1593 1431241321500000
1595 1431241322000000
1597 1431241322500000
1599 1431241323000000
1601 1431241323500000
1603 1431241324000000
1605 1431241324500000
1607 1431241325000000
1609 1431241325500000
1611 1431241326000000
1613 1431241326500000
1615 1431241327000000
1617 1431241327500000
1619 1431241328000000
1621 1431241328500000
1623 1431241329000000
1625 1431241329500000
1627 1431241330000000
1629 1431241330500000
1631 1431241331000000
1633 1431241331500000
1635 1431241332000000
1637 1431241332500000
1639 1431241333000000
1641 1431241333500000
1643 1431241334000000
1645 1431241334500000
1647 1431241335000000
1649 1431241335500000
1651 1431241336000000
1653 1431241336500000
1655 1431241337000000
1657 1431241337500000
1659 1431241338000000
1661 1431241338500000
1663 1431241339000000
1665 1431241339500000
1667 1431241340000000
1669 1431241340500000
1671 1431241341000000
1673 1431241341500000
1675 1431241342000000
1677 1431241342500000
1679 1431241343000000
1681 1431241343500000
1683 1431241344000000
1685 1431241344500000
1687 1431241345000000
1689 1431241345500000
1691 1431241346000000
1693 1431241346500000
1695 1431241347000000
1697 1431241347500000
1699 1431241348000000
1701 1431241348500000
1703 1431241349000000
1705 1431241349500000
1707 1431241350000000
1709 1431241350500000
1711 1431241351000000
1713 1431241351500000
1715 1431241352000000
1717 1431241352500000
1719 1431241353000000
1721 1431241353500000
1723 1431241354000000
1725 1431241354500000
1727 1431241355000000
1729 1431241355500000
1731 1431241356000000
1733 1431241356500000
1735 1431241357000000
1737 1431241357500000
1739 1431241358000000
1741 1431241358500000
1743 1431241359000000
1745 1431241359500000
1747 1431241360000000
1749 1431241360500000
1751 1431241361000000
1753 1431241361500000
1755 1431241362000000
1757 1431241362500000
1759 1431241363000000
1761 1431241363500000
1763 1431241364000000
1765 1431241364500000
1767 1431241365000000
1769 1431241365500000
1771 1431241366000000
1773 1431241366500000
1775 1431241367000000
1777 1431241367500000
1779 1431241368000000
1781 1431241368500000
1783 1431241369000000
1785 1431241369500000
1787 1431241370000000
1789 1431241370500000
1791 1431241371000000
1793 1431241371500000
1795 1431241372000000
1797 1431241372500000
1799 1431241373000000
1801 1431241373500000
1803 1431241374000000
1805 1431241374500000
1807 1431241375000000
1809 1431241375500000
1811 1431241376000000
1813 1431241376500000
1815 1431241377000000
1817 1431241377500000
1819 1431241378000000
1821 1431241378500000
1823 1431241379000000
1825 1431241379500000
1827 1431241380000000
1829 1431241380500000
1831 1431241381000000
1833 1431241381500000
1835 1431241382000000
1837 1431241382500000
1839 1431241383000000
1841 1431241383500000
1843 1431241384000000
1845 1431241384500000
1847 1431241385000000
1849 1431241385500000
1851 1431241386000000
1853 1431241386500000
1855 1431241387000000
1857 1431241387500000
1859 1431241388000000
1861 1431241388500000
1863 1431241389000000
1865 1431241389500000
1867 1431241390000000
1869 1431241390500000
1871 1431241391000000
1873 1431241391500000
1875 1431241392000000
1877 1431241392500000
1879 1431241393000000
1881 1431241393500000
1883 1431241394000000
1885 1431241394500000
1887 1431241395000000
1889 1431241395500000
1891 1431241396000000
1893 1431241396500000
1895 1431241397000000
1897 1431241397500000
1899 1431241398000000
1901 1431241398500000
1903 1431241399000000
1905 1431241399500000
1907 1431241400000000
1909 1431241400500000
1911 1431241401000000
1913 1431241401500000
1915 1431241402000000
1917 1431241402500000
1919 1431241403000000
1921 1431241403500000
1923 1431241404000000
1925 1431241404500000
1927 1431241405000000
1929 1431241405500000
1931 1431241406000000
1933 1431241406500000
1935 1431241407000000
1937 1431241407500000
1939 1431241408000000
1941 1431241408500000
1943 1431241409000000
1945 1431241409500000
1947 1431241410000000
1949 1431241410500000
1951 1431241411000000
1953 1431241411500000
1955 1431241412000000
1957 1431241412500000
1959 1431241413000000
1961 1431241413500000
1963 1431241414000000
1965 1431241414500000
1967 1431241415000000
1969 1431241415500000
1971 1431241416000000
1973 1431241416500000
1975 1431241417000000
1977 1431241417500000
1979 1431241418000000
1981 1431241418500000
1983 1431241419000000
1985 1431241419500000
1987 1431241420000000
1989 1431241420500000
1991 1431241421000000
1993 1431241421500000
1995 1431241422000000
1997 1431241422500000
1999 1431241423000000
2001 1431241423500000
2003 1431241424000000
2005 1431241424500000
2007 1431241425000000
2009 1431241425500000
2011 1431241426000000
2013 1431241426500000
2015 1431241427000000
2017 1431241427500000
2019 1431241428000000
2021 1431241428500000
2023 1431241429000000
2025 1431241429500000
2027 1431241430000000
2029 1431241430500000
2031 1431241431000000
2033 1431241431500000
2035 1431241432000000
2037 1431241432500000
2039 1431241433000000
2041 1431241433500000
2043 1431241434000000
2045 1431241434500000
2047 1431241435000000
2049 1431241435500000
2051 1431241436000000
2053 1431241436500000
2055 1431241437000000
2057 1431241437500000
2059 1431241438000000
2061 1431241438500000
2063 1431241439000000
2065 1431241439500000
2067 1431241440000000
2069 1431241440500000
2071 1431241441000000
2073 1431241441500000
2075 1431241442000000
2077 1431241442500000
2079 1431241443000000
2081 1431241443500000
2083 1431241444000000
2085 1431241444500000
2087 1431241445000000
2089 1431241445500000
2091 1431241446000000
2093 1431241446500000
2095 1431241447000000
2097 1431241447500000
2099 1431241448000000
2101 1431241448500000
2103 1431241449000000
2105 1431241449500000
2107 1431241450000000
2109 1431241450500000
2111 1431241451000000
2113 1431241451500000
2115 1431241452000000
2117 1431241452500000
2119 1431241453000000
2121 1431241453500000
2123 1431241454000000
2125 1431241454500000
2127 1431241455000000
2129 1431241455500000
2131 1431241456000000
2133 1431241456500000
2135 1431241457000000
2137 1431241457500000
2139 1431241458000000
2141 1431241458500000
2143 1431241459000000
2145 1431241459500000
2147 1431241460000000
2149 1431241460500000
2151 1431241461000000
2153 1431241461500000
2155 1431241462000000
2157 1431241462500000
2159 1431241463000000
2161 1431241463500000
2163 1431241464000000
2165 1431241464500000
2167 1431241465000000
2169 1431241465500000
2171 1431241466000000
2173 1431241466500000
2175 1431241467000000
2177 1431241467500000
2179 1431241468000000
2181 1431241468500000
2183 1431241469000000
2185 1431241469500000
2187 1431241470000000
2189 1431241470500000
2191 1431241471000000
2193 1431241471500000
2195 1431241472000000
2197 1431241472500000
2199 1431241473000000
2201 1431241473500000
2203 1431241474000000
2205 1431241474500000
2207 1431241475000000
2209 1431241475500000
2211 1431241476000000
2213 1431241476500000
2215 1431241477000000
2217 1431241477500000
2219 1431241478000000
2221 1431241478500000
2223 1431241479000000
2225 1431241479500000
2227 1431241480000000
2229 1431241480500000
2231 1431241481000000
2233 1431241481500000
2235 1431241482000000
2237 1431241482500000
2239 1431241483000000
2241 1431241483500000
2243 1431241484000000
2245 1431241484500000
2247 1431241485000000
2249 1431241485500000
2251 1431241486000000
2253 1431241486500000
2255 1431241487000000
2257 1431241487500000
2259 1431241488000000
2261 1431241488500000
2263 1431241489000000
2265 1431241489500000
2267 1431241490000000
2269 1431241490500000
2271 1431241491000000
2273 1431241491500000
2275 1431241492000000
2277 1431241492500000
2279 1431241493000000
2281 1431241493500000
2283 1431241494000000
2285 1431241494500000
2287 1431241495000000
2289 1431241495500000
2291 1431241496000000
2293 1431241496500000
2295 1431241497000000
2297 1431241497500000
2299 1431241498000000
2301 1431241498500000
2303 1431241499000000
2305 1431241499500000
2307 1431241500000000
2309 1431241500500000
2311 1431241501000000
2313 1431241501500000
2315 1431241502000000
2317 1431241502500000
2319 1431241503000000
2321 1431241503500000
2323 1431241504000000
2325 1431241504500000
2327 1431241505000000
2329 1431241505500000
2331 1431241506000000
2333 1431241506500000
2335 1431241507000000
2337 1431241507500000
2339 1431241508000000
2341 1431241508500000
2343 1431241509000000
2345 1431241509500000
2347 1431241510000000
2349 1431241510500000
2351 1431241511000000
2353 1431241511500000
2355 1431241512000000
2357 1431241512500000
2359 1431241513000000
2361 1431241513500000
2363 1431241514000000
2365 1431241514500000
2367 1431241515000000
2369 1431241515500000
2371 1431241516000000
2373 1431241516500000
2375 1431241517000000
2377 1431241517500000
2379 1431241518000000
2381 1431241518500000
2383 1431241519000000
2385 1431241519500000
2387 1431241520000000
2389 1431241520500000
2391 1431241521000000
2393 1431241521500000
2395 1431241522000000
2397 1431241522500000
2399 1431241523000000
2401 1431241523500000
2403 1431241524000000
2405 1431241524500000
2407 1431241525000000
2409 1431241525500000
2411 1431241526000000
2413 1431241526500000
2415 1431241527000000
2417 1431241527500000
2419 1431241528000000
2421 1431241528500000
2423 1431241529000000
2425 1431241529500000
2427 1431241530000000
2429 1431241530500000
2431 1431241531000000
2433 1431241531500000
2435 1431241532000000
2437 1431241532500000
2439 1431241533000000
2441 1431241533500000
2443 1431241534000000
2445 1431241534500000
2447 1431241535000000
2449 1431241535500000
2451 1431241536000000
2453 1431241536500000
2455 1431241537000000
2457 1431241537500000
2459 1431241538000000
2461 1431241538500000
2463 1431241539000000
2465 1431241539500000
2467 1431241540000000
2469 1431241540500000
2471 1431241541000000
2473 1431241541500000
2475 1431241542000000
2477 1431241542500000
2479 1431241543000000
2481 1431241543500000
2483 1431241544000000
2485 1431241544500000
2487 1431241545000000
2489 1431241545500000
2491 1431241546000000
2493 1431241546500000
2495 1431241547000000
2497 1431241547500000
2499 1431241548000000
2501 1431241548500000
2503 1431241549000000
2505 1431241549500000
2507 1431241550000000
2509 1431241550500000
2511 1431241551000000
2513 1431241551500000
2515 1431241552000000
2517 1431241552500000
2519 1431241553000000
2521 1431241553500000
2523 1431241554000000
2525 1431241554500000
2527 1431241555000000
2529 1431241555500000
2531 1431241556000000
2533 1431241556500000
2535 1431241557000000
2537 1431241557500000
2539 1431241558000000
2541 1431241558500000
2543 1431241559000000
2545 1431241559500000
2547 1431241560000000
2549 1431241560500000
2551 1431241561000000
2553 1431241561500000
2555 1431241562000000
2557 1431241562500000
2559 1431241563000000
2561 1431241563500000
2563 1431241564000000
2565 1431241564500000
2567 1431241565000000
2569 1431241565500000
2571 1431241566000000
2573 1431241566500000
2575 1431241567000000
2577 1431241567500000
2579 1431241568000000
2581 1431241568500000
2583 1431241569000000
2585 1431241569500000
2587 1431241570000000
2589 1431241570500000
2591 1431241571000000
2593 1431241571500000
2595 1431241572000000
2597 1431241572500000
2599 1431241573000000
2601 1431241573500000
2603 1431241574000000
2605 1431241574500000
2607 1431241575000000
2609 1431241575500000
2611 1431241576000000
2613 1431241576500000
2615 1431241577000000
2617 1431241577500000
2619 1431241578000000
2621 1431241578500000
2623 1431241579000000
2625 1431241579500000
2627 1431241580000000
2629 1431241580500000
2631 1431241581000000
2633 1431241581500000
2635 1431241582000000
2637 1431241582500000
2639 1431241583000000
2641 1431241583500000
2643 1431241584000000
2645 1431241584500000
2647 1431241585000000
2649 1431241585500000
2651 1431241586000000
2653 1431241586500000
2655 1431241587000000
2657 1431241587500000
2659 1431241588000000
2661 1431241588500000
2663 1431241589000000
2665 1431241589500000
2667 1431241590000000
2669 1431241590500000
2671 1431241591000000
2673 1431241591500000
2675 1431241592000000
2677 1431241592500000
2679 1431241593000000
2681 1431241593500000
2683 1431241594000000
2685 1431241594500000
2687 1431241595000000
2689 1431241595500000
2691 1431241596000000
2693 1431241596500000
2695 1431241597000000
2697 1431241597500000
2699 1431241598000000
2701 1431241598500000
2703 1431241599000000
2705 1431241599500000
2707 1431241600000000
2709 1431241600500000
2711 1431241601000000
2713 1431241601500000
2715 1431241602000000
2717 1431241602500000
2719 1431241603000000
2721 1431241603500000
2723 1431241604000000
2725 1431241604500000
2727 1431241605000000
2729 1431241605500000
2731 1431241606000000
2733 1431241606500000
2735 1431241607000000
2737 1431241607500000
2739 1431241608000000
2741 1431241608500000
2743 1431241609000000
2745 1431241609500000
2747 1431241610000000
2749 1431241610500000
2751 1431241611000000
2753 1431241611500000
2755 1431241612000000
2757 1431241612500000
2759 1431241613000000
2761 1431241613500000
2763 1431241614000000
2765 1431241614500000
2767 1431241615000000
2769 1431241615500000
2771 1431241616000000
2773 1431241616500000
2775 1431241617000000
2777 1431241617500000
2779 1431241618000000
2781 1431241618500000
2783 1431241619000000
2785 1431241619500000
2787 1431241620000000
2789 1431241620500000
2791 1431241621000000
2793 1431241621500000
2795 1431241622000000
2797 1431241622500000
2799 1431241623000000
2801 1431241623500000
2803 1431241624000000
2805 1431241624500000
2807 1431241625000000
2809 1431241625500000
2811 1431241626000000
2813 1431241626500000
2815 1431241627000000
2817 1431241627500000
2819 1431241628000000
2821 1431241628500000
2823 1431241629000000
2825 1431241629500000
2827 1431241630000000
2829 1431241630500000
2831 1431241631000000
2833 1431241631500000
2835 1431241632000000
2837 1431241632500000
2839 1431241633000000
2841 1431241633500000
2843 1431241634000000
2845 1431241634500000
2847 1431241635000000
2849 1431241635500000
2851 1431241636000000
2853 1431241636500000
2855 1431241637000000
2857 1431241637500000
2859 1431241638000000
2861 1431241638500000
2863 1431241639000000
2865 1431241639500000
2867 1431241640000000
2869 1431241640500000
2871 1431241641000000
2873 1431241641500000
2875 1431241642000000
2877 1431241642500000
2879 1431241643000000
2881 1431241643500000
2883 1431241644000000
2885 1431241644500000
2887 1431241645000000
2889 1431241645500000
2891 1431241646000000
2893 1431241646500000
2895 1431241647000000
2897 1431241647500000
2899 1431241648000000
2901 1431241648500000
2903 1431241649000000
2905 1431241649500000
2907 1431241650000000
2909 1431241650500000
2911 1431241651000000
2913 1431241651500000
2915 1431241652000000
2917 1431241652500000
2919 1431241653000000
2921 1431241653500000
2923 1431241654000000
2925 1431241654500000
2927 1431241655000000
2929 1431241655500000
2931 1431241656000000
2933 1431241656500000
2935 1431241657000000
2937 1431241657500000
2939 1431241658000000
