1 1431240923465941
4 1431240923907120
7 1431240924394739
10 1431240924882358
13 1431240925369977
16 1431240925857596
19 1431240926345215
22 1431240926832834
25 1431240927320453
28 1431240927808072
31 1431240928295691
34 1431240928783310
37 1431240929270929
40 1431240929758548
43 1431240930246167
46 1431240930733786
49 1431240931221405
52 1431240931709024
55 1431240932196643
58 1431240932684262
61 1431240933171881
64 1431240933659500
67 1431240934147119
70 1431240934634738
73 1431240935122357
76 1431240935609976
79 1431240936097595
82 1431240936585214
85 1431240937072833
88 1431240937560452
91 1431240938048071
94 1431240938535690
97 1431240939023309
100 1431240939510928
103 1431240939998547
106 1431240940486166
109 1431240940973785
112 1431240941461404
115 1431240941949023
118 1431240942436642
121 1431240942924261
124 1431240943411880
127 1431240943899499
130 1431240944387118
133 1431240944874737
136 1431240945362356
139 1431240945849975
142 1431240946337594
145 1431240946825213
148 1431240947312832
151 1431240947800451
154 1431240948288070
157 1431240948775689
160 1431240949263308
163 1431240949750927
166 1431240950238546
169 1431240950726165
172 1431240951213784
175 1431240951701403
178 1431240952189022
181 1431240952676641
184 1431240953164260
187 1431240953651879
190 1431240954139498
193 1431240954627117
196 1431240955114736
199 1431240955602355
202 1431240956089974
205 1431240956577593
208 1431240957065212
211 1431240957552831
214 1431240958040450
217 1431240958528069
220 1431240959015688
223 1431240959503307
226 1431240959990926
229 1431240960478545
232 1431240960966164
235 1431240961453783
238 1431240961941402
241 1431240962429021
244 1431240962916640
247 1431240963404259
250 1431240963891878
253 1431240964379497
256 1431240964867116
259 1431240965354735
262 1431240965842354
265 1431240966329973
268 1431240966817592
271 1431240967305211
274 1431240967792830
277 1431240968280449
280 1431240968768068
283 1431240969255687
286 1431240969743306
289 1431240970230925
292 1431240970718544
295 1431240971206163
298 1431240971693782
301 1431240972181401
304 1431240972669020
307 1431240973156639
310 1431240973644258
313 1431240974131877
316 1431240974619496
319 1431240975107115
322 1431240975594734
325 1431240976082353
328 1431240976569972
331 1431240977057591
334 1431240977545210
337 1431240978032829
340 1431240978520448
343 1431240979008067
346 1431240979495686
349 1431240979983305
352 1431240980470924
355 1431240980958543
358 1431240981446162
361 1431240981933781
364 1431240982421400
367 1431240982909019
370 1431240983396638
373 1431240983884257
376 1431240984371876
379 1431240984859495
382 1431240985347114
385 1431240985834733
388 1431240986322352
391 1431240986809971
394 1431240987297590
397 1431240987785209
400 1431240988272828
403 1431240988760447
406 1431240989248066
409 1431240989735685
412 1431240990223304
415 1431240990710923
418 1431240991198542
421 1431240991686161
424 1431240992173780
427 1431240992661399
430 1431240993149018
433 1431240993636637
436 1431240994124256
439 1431240994611875
442 1431240995099494
445 1431240995587113
448 1431240996074732
451 1431240996562351
454 1431240997049970
457 1431240997537589
460 1431240998025208
463 1431240998512827
466 1431240999000446
469 1431240999488065
472 1431240999975684
475 1431241000463303
478 1431241000950922
481 1431241001438541
484 1431241001926160
487 1431241002413779
490 1431241002901398
493 1431241003389017
496 1431241003876636
499 1431241004364255
502 1431241004851874
505 1431241005339493
508 1431241005827112
511 1431241006314731
514 1431241006802350
517 1431241007289969
520 1431241007777588
523 1431241008265207
526 1431241008752826
529 1431241009240445
532 1431241009728064
535 1431241010215683
538 1431241010703302
541 1431241011190921
544 1431241011678540
547 1431241012166159
550 1431241012653778
553 1431241013141397
556 1431241013629016
559 1431241014116635
562 1431241014604254
565 1431241015091873
568 1431241015579492
571 1431241016067111
574 1431241016554730
577 1431241017042349
580 1431241017529968
583 1431241018017587
586 1431241018505206
589 1431241018992825
592 1431241019480444
595 1431241019968063
598 1431241020455682
601 1431241020943301
604 1431241021430920
607 1431241021918539
610 1431241022406158
613 1431241022893777
616 1431241023381396
619 1431241023869015
622 1431241024356634
625 1431241024844253
628 1431241025331872
631 1431241025819491
634 1431241026307110
637 1431241026794729
640 1431241027282348
643 1431241027769967
646 1431241028257586
649 1431241028745205
652 1431241029232824
655 1431241029720443
658 1431241030208062
661 1431241030695681
664 1431241031183300
667 1431241031670919
670 1431241032158538
673 1431241032646157
676 1431241033133776
679 1431241033621395
682 1431241034109014
685 1431241034596633
688 1431241035084252
691 1431241035571871
694 1431241036059490
697 1431241036547109
700 1431241037034728
703 1431241037522347
706 1431241038009966
709 1431241038497585
712 1431241038985204
715 1431241039472823
718 1431241039960442
721 1431241040448061
724 1431241040935680
727 1431241041423299
730 1431241041910918
733 1431241042398537
736 1431241042886156
739 1431241043373775
742 1431241043861394
745 1431241044349013
748 1431241044836632
751 1431241045324251
754 1431241045811870
757 1431241046299489
760 1431241046787108
763 1431241047274727
766 1431241047762346
769 1431241048249965
772 1431241048737584
775 1431241049225203
778 1431241049712822
781 1431241050200441
784 1431241050688060
787 1431241051175679
790 1431241051663298
793 1431241052150917
796 1431241052638536
799 1431241053126155
802 1431241053613774
805 1431241054101393
808 1431241054589012
811 1431241055076631
814 1431241055564250
817 1431241056051869
820 1431241056539488
823 1431241057027107
826 1431241057514726
829 1431241058002345
832 1431241058489964
835 1431241058977583
838 1431241059465202
841 1431241059952821
844 1431241060440440
847 1431241060928059
850 1431241061415678
853 1431241061903297
856 1431241062390916
859 1431241062878535
862 1431241063366154
865 1431241063853773
868 1431241064341392
871 1431241064829011
874 1431241065316630
877 1431241065804249
880 1431241066291868
883 1431241066779487
886 1431241067267106
889 1431241067754725
892 1431241068242344
895 1431241068729963
898 1431241069217582
901 1431241069705201
904 1431241070192820
907 1431241070680439
910 1431241071168058
913 1431241071655677
916 1431241072143296
919 1431241072630915
922 1431241073118534
925 1431241073606153
928 1431241074093772
931 1431241074581391
934 1431241075069010
937 1431241075556629
940 1431241076044248
943 1431241076531867
946 1431241077019486
949 1431241077507105
952 1431241077994724
955 1431241078482343
958 1431241078969962
961 1431241079457581
964 1431241079945200
967 1431241080432819
970 1431241080920438
973 1431241081408057
976 1431241081895676
979 1431241082383295
982 1431241082870914
985 1431241083358533
988 1431241083846152
991 1431241084333771
994 1431241084821390
997 1431241085309009
1000 1431241085796628
1003 1431241086284247
1006 1431241086771866
1009 1431241087259485
1012 1431241087747104
1015 1431241088234723
1018 1431241088722342
1021 1431241089209961
1024 1431241089697580
1027 1431241090185199
1030 1431241090672818
1033 1431241091160437
1036 1431241091648056
1039 1431241092135675
1042 1431241092623294
1045 1431241093110913
1048 1431241093598532
1051 1431241094086151
1054 1431241094573770
1057 1431241095061389
1060 1431241095549008
1063 1431241096036627
1066 1431241096524246
1069 1431241097011865
1072 1431241097499484
1075 1431241097987103
1078 1431241098474722
1081 1431241098962341
1084 1431241099449960
1087 1431241099937579
1090 1431241100425198
1093 1431241100912817
1096 1431241101400436
1099 1431241101888055
1102 1431241102375674
1105 1431241102863293
1108 1431241103350912
1111 1431241103838531
1114 1431241104326150
1117 1431241104813769
1120 1431241105301388
1123 1431241105789007
1126 1431241106276626
1129 1431241106764245
1132 1431241107251864
1135 1431241107739483
1138 1431241108227102
1141 1431241108714721
1144 1431241109202340
1147 1431241109689959
1150 1431241110177578
1153 1431241110665197
1156 1431241111152816
1159 1431241111640435
1162 1431241112128054
1165 1431241112615673
1168 1431241113103292
1171 1431241113590911
1174 1431241114078530
1177 1431241114566149
1180 1431241115053768
1183 1431241115541387
1186 1431241116029006
1189 1431241116516625
1192 1431241117004244
1195 1431241117491863
1198 1431241117979482
1201 1431241118467101
1204 1431241118954720
1207 1431241119442339
1210 1431241119929958
1213 1431241120417577
1216 1431241120905196
1219 1431241121392815
1222 1431241121880434
1225 1431241122368053
1228 1431241122855672
1231 1431241123343291
1234 1431241123830910
1237 1431241124318529
1240 1431241124806148
1243 1431241125293767
1246 1431241125781386
1249 1431241126269005
1252 1431241126756624
1255 1431241127244243
1258 1431241127731862
1261 1431241128219481
1264 1431241128707100
1267 1431241129194719
1270 1431241129682338
1273 1431241130169957
1276 1431241130657576
1279 1431241131145195
1282 1431241131632814
1285 1431241132120433
1288 1431241132608052
1291 1431241133095671
1294 1431241133583290
1297 1431241134070909
1300 1431241134558528
1303 1431241135046147
1306 1431241135533766
1309 1431241136021385
1312 1431241136509004
1315 1431241136996623
1318 1431241137484242
1321 1431241137971861
1324 1431241138459480
1327 1431241138947099
1330 1431241139434718
1333 1431241139922337
1336 1431241140409956
1339 1431241140897575
1342 1431241141385194
1345 1431241141872813
1348 1431241142360432
1351 1431241142848051
1354 1431241143335670
1357 1431241143823289
1360 1431241144310908
1363 1431241144798527
1366 1431241145286146
1369 1431241145773765
1372 1431241146261384
1375 1431241146749003
1378 1431241147236622
1381 1431241147724241
1384 1431241148211860
1387 1431241148699479
1390 1431241149187098
1393 1431241149674717
1396 1431241150162336
1399 1431241150649955
1402 1431241151137574
1405 1431241151625193
1408 1431241152112812
1411 1431241152600431
1414 1431241153088050
1417 1431241153575669
1420 1431241154063288
1423 1431241154550907
1426 1431241155038526
1429 1431241155526145
1432 1431241156013764
1435 1431241156501383
1438 1431241156989002
1441 1431241157476621
1444 1431241157964240
1447 1431241158451859
1450 1431241158939478
1453 1431241159427097
1456 1431241159914716
1459 1431241160402335
1462 1431241160889954
1465 1431241161377573
1468 1431241161865192
1471 1431241162352811
1474 1431241162840430
1477 1431241163328049
1480 1431241163815668
1483 1431241164303287
1486 1431241164790906
1489 1431241165278525
1492 1431241165766144
1495 1431241166253763
1498 1431241166741382
1501 1431241167229001
1504 1431241167716620
1507 1431241168204239
1510 1431241168691858
1513 1431241169179477
1516 1431241169667096
1519 1431241170154715
1522 1431241170642334
1525 1431241171129953
1528 1431241171617572
1531 1431241172105191
1534 1431241172592810
1537 1431241173080429
1540 1431241173568048
1543 1431241174055667
1546 1431241174543286
1549 1431241175030905
1552 1431241175518524
1555 1431241176006143
1558 1431241176493762
1561 1431241176981381
1564 1431241177469000
1567 1431241177956619
1570 1431241178444238
1573 1431241178931857
1576 1431241179419476
1579 1431241179907095
1582 1431241180394714
1585 1431241180882333
1588 1431241181369952
1591 1431241181857571
1594 1431241182345190
1597 1431241182832809
1600 1431241183320428
1603 1431241183808047
1606 1431241184295666
1609 1431241184783285
1612 1431241185270904
1615 1431241185758523
1618 1431241186246142
1621 1431241186733761
1624 1431241187221380
1627 1431241187708999
1630 1431241188196618
1633 1431241188684237
1636 1431241189171856
1639 1431241189659475
1642 1431241190147094
1645 1431241190634713
1648 1431241191122332
1651 1431241191609951
1654 1431241192097570
1657 1431241192585189
1660 1431241193072808
1663 1431241193560427
1666 1431241194048046
1669 1431241194535665
1672 1431241195023284
1675 1431241195510903
1678 1431241195998522
1681 1431241196486141
1684 1431241196973760
1687 1431241197461379
1690 1431241197948998
1693 1431241198436617
1696 1431241198924236
1699 1431241199411855
1702 1431241199899474
1705 1431241200387093
1708 1431241200874712
1711 1431241201362331
1714 1431241201849950
1717 1431241202337569
1720 1431241202825188
1723 1431241203312807
1726 1431241203800426
1729 1431241204288045
1732 1431241204775664
1735 1431241205263283
1738 1431241205750902
1741 1431241206238521
1744 1431241206726140
1747 1431241207213759
1750 1431241207701378
1753 1431241208188997
1756 1431241208676616
1759 1431241209164235
1762 1431241209651854
1765 1431241210139473
1768 1431241210627092
1771 1431241211114711
1774 1431241211602330
1777 1431241212089949
1780 1431241212577568
1783 1431241213065187
1786 1431241213552806
1789 1431241214040425
1792 1431241214528044
1795 1431241215015663
1798 1431241215503282
1801 1431241215990901
1804 1431241216478520
1807 1431241216966139
1810 1431241217453758
1813 1431241217941377
1816 1431241218428996
1819 1431241218916615
1822 1431241219404234
1825 1431241219891853
1828 1431241220379472
1831 1431241220867091
1834 1431241221354710
1837 1431241221842329
1840 1431241222329948
1843 1431241222817567
1846 1431241223305186
1849 1431241223792805
1852 1431241224280424
1855 1431241224768043
1858 1431241225255662
1861 1431241225743281
1864 1431241226230900
1867 1431241226718519
1870 1431241227206138
1873 1431241227693757
1876 1431241228181376
1879 1431241228668995
1882 1431241229156614
1885 1431241229644233
1888 1431241230131852
1891 1431241230619471
1894 1431241231107090
1897 1431241231594709
1900 1431241232082328
1903 1431241232569947
1906 1431241233057566
1909 1431241233545185
1912 1431241234032804
1915 1431241234520423
1918 1431241235008042
1921 1431241235495661
1924 1431241235983280
1927 1431241236470899
1930 1431241236958518
1933 1431241237446137
1936 1431241237933756
1939 1431241238421375
1942 1431241238908994
1945 1431241239396613
1948 1431241239884232
1951 1431241240371851
1954 1431241240859470
1957 1431241241347089
1960 1431241241834708
1963 1431241242322327
1966 1431241242809946
1969 1431241243297565
1972 1431241243785184
1975 1431241244272803
1978 1431241244760422
1981 1431241245248041
1984 1431241245735660
1987 1431241246223279
1990 1431241246710898
1993 1431241247198517
1996 1431241247686136
1999 1431241248173755
2002 1431241248661374
2005 1431241249148993
2008 1431241249636612
2011 1431241250124231
2014 1431241250611850
2017 1431241251099469
2020 1431241251587088
2023 1431241252074707
2026 1431241252562326
2029 1431241253049945
2032 1431241253537564
2035 1431241254025183
2038 1431241254512802
2041 1431241255000421
2044 1431241255488040
2047 1431241255975659
2050 1431241256463278
2053 1431241256950897
2056 1431241257438516
2059 1431241257926135
2062 1431241258413754
2065 1431241258901373
2068 1431241259388992
2071 1431241259876611
2074 1431241260364230
2077 1431241260851849
2080 1431241261339468
2083 1431241261827087
2086 1431241262314706
2089 1431241262802325
2092 1431241263289944
2095 1431241263777563
2098 1431241264265182
2101 1431241264752801
2104 1431241265240420
2107 1431241265728039
2110 1431241266215658
2113 1431241266703277
2116 1431241267190896
2119 1431241267678515
2122 1431241268166134
2125 1431241268653753
2128 1431241269141372
2131 1431241269628991
2134 1431241270116610
2137 1431241270604229
2140 1431241271091848
2143 1431241271579467
2146 1431241272067086
2149 1431241272554705
2152 1431241273042324
2155 1431241273529943
2158 1431241274017562
2161 1431241274505181
2164 1431241274992800
2167 1431241275480419
2170 1431241275968038
2173 1431241276455657
2176 1431241276943276
2179 1431241277430895
2182 1431241277918514
2185 1431241278406133
2188 1431241278893752
2191 1431241279381371
2194 1431241279868990
2197 1431241280356609
2200 1431241280844228
2203 1431241281331847
2206 1431241281819466
2209 1431241282307085
2212 1431241282794704
2215 1431241283282323
2218 1431241283769942
2221 1431241284257561
2224 1431241284745180
2227 1431241285232799
2230 1431241285720418
2233 1431241286208037
2236 1431241286695656
2239 1431241287183275
2242 1431241287670894
2245 1431241288158513
2248 1431241288646132
2251 1431241289133751
2254 1431241289621370
2257 1431241290108989
2260 1431241290596608
2263 1431241291084227
2266 1431241291571846
2269 1431241292059465
2272 1431241292547084
2275 1431241293034703
2278 1431241293522322
2281 1431241294009941
2284 1431241294497560
2287 1431241294985179
2290 1431241295472798
2293 1431241295960417
2296 1431241296448036
2299 1431241296935655
2302 1431241297423274
2305 1431241297910893
2308 1431241298398512
2311 1431241298886131
2314 1431241299373750
2317 1431241299861369
2320 1431241300348988
2323 1431241300836607
2326 1431241301324226
2329 1431241301811845
2332 1431241302299464
2335 1431241302787083
2338 1431241303274702
2341 1431241303762321
2344 1431241304249940
2347 1431241304737559
2350 1431241305225178
2353 1431241305712797
2356 1431241306200416
2359 1431241306688035
2362 1431241307175654
2365 1431241307663273
2368 1431241308150892
2371 1431241308638511
2374 1431241309126130
2377 1431241309613749
2380 1431241310101368
2383 1431241310588987
2386 1431241311076606
2389 1431241311564225
2392 1431241312051844
2395 1431241312539463
2398 1431241313027082
2401 1431241313514701
2404 1431241314002320
2407 1431241314489939
2410 1431241314977558
2413 1431241315465177
2416 1431241315952796
2419 1431241316440415
2422 1431241316928034
2425 1431241317415653
2428 1431241317903272
2431 1431241318390891
2434 1431241318878510
2437 1431241319366129
2440 1431241319853748
2443 1431241320341367
2446 1431241320828986
2449 1431241321316605
2452 1431241321804224
2455 1431241322291843
2458 1431241322779462
2461 1431241323267081
2464 1431241323754700
2467 1431241324242319
2470 1431241324729938
2473 1431241325217557
2476 1431241325705176
2479 1431241326192795
2482 1431241326680414
2485 1431241327168033
2488 1431241327655652
2491 1431241328143271
2494 1431241328630890
2497 1431241329118509
2500 1431241329606128
2503 1431241330093747
2506 1431241330581366
2509 1431241331068985
2512 1431241331556604
2515 1431241332044223
2518 1431241332531842
2521 1431241333019461
2524 1431241333507080
2527 1431241333994699
2530 1431241334482318
2533 1431241334969937
2536 1431241335457556
2539 1431241335945175
2542 1431241336432794
2545 1431241336920413
2548 1431241337408032
2551 1431241337895651
2554 1431241338383270
2557 1431241338870889
2560 1431241339358508
2563 1431241339846127
2566 1431241340333746
2569 1431241340821365
2572 1431241341308984
2575 1431241341796603
2578 1431241342284222
2581 1431241342771841
2584 1431241343259460
2587 1431241343747079
2590 1431241344234698
2593 1431241344722317
2596 1431241345209936
2599 1431241345697555
2602 1431241346185174
2605 1431241346672793
2608 1431241347160412
2611 1431241347648031
2614 1431241348135650
2617 1431241348623269
2620 1431241349110888
2623 1431241349598507
2626 1431241350086126
2629 1431241350573745
2632 1431241351061364
2635 1431241351548983
2638 1431241352036602
2641 1431241352524221
2644 1431241353011840
2647 1431241353499459
2650 1431241353987078
2653 1431241354474697
2656 1431241354962316
2659 1431241355449935
2662 1431241355937554
2665 1431241356425173
2668 1431241356912792
2671 1431241357400411
2674 1431241357888030
2677 1431241358375649
2680 1431241358863268
2683 1431241359350887
2686 1431241359838506
2689 1431241360326125
2692 1431241360813744
2695 1431241361301363
2698 1431241361788982
2701 1431241362276601
2704 1431241362764220
2707 1431241363251839
2710 1431241363739458
2713 1431241364227077
2716 1431241364714696
2719 1431241365202315
2722 1431241365689934
2725 1431241366177553
2728 1431241366665172
2731 1431241367152791
2734 1431241367640410
2737 1431241368128029
2740 1431241368615648
2743 1431241369103267
2746 1431241369590886
2749 1431241370078505
2752 1431241370566124
2755 1431241371053743
2758 1431241371541362
2761 1431241372028981
2764 1431241372516600
2767 1431241373004219
2770 1431241373491838
2773 1431241373979457
2776 1431241374467076
2779 1431241374954695
2782 1431241375442314
2785 1431241375929933
2788 1431241376417552
2791 1431241376905171
2794 1431241377392790
2797 1431241377880409
2800 1431241378368028
2803 1431241378855647
2806 1431241379343266
2809 1431241379830885
2812 1431241380318504
2815 1431241380806123
2818 1431241381293742
2821 1431241381781361
2824 1431241382268980
2827 1431241382756599
2830 1431241383244218
2833 1431241383731837
2836 1431241384219456
2839 1431241384707075
2842 1431241385194694
2845 1431241385682313
2848 1431241386169932
2851 1431241386657551
2854 1431241387145170
2857 1431241387632789
2860 1431241388120408
2863 1431241388608027
2866 1431241389095646
2869 1431241389583265
2872 1431241390070884
2875 1431241390558503
2878 1431241391046122
2881 1431241391533741
2884 1431241392021360
2887 1431241392508979
2890 1431241392996598
2893 1431241393484217
2896 1431241393971836
2899 1431241394459455
2902 1431241394947074
2905 1431241395434693
2908 1431241395922312
2911 1431241396409931
2914 1431241396897550
2917 1431241397385169
2920 1431241397872788
2923 1431241398360407
2926 1431241398848026
2929 1431241399335645
2932 1431241399823264
2935 1431241400310883
2938 1431241400798502
2941 1431241401286121
2944 1431241401773740
2947 1431241402261359
2950 1431241402748978
2953 1431241403236597
2956 1431241403724216
2959 1431241404211835
2962 1431241404699454
2965 1431241405187073
2968 1431241405674692
2971 1431241406162311
2974 1431241406649930
2977 1431241407137549
2980 1431241407625168
2983 1431241408112787
2986 1431241408600406
2989 1431241409088025
2992 1431241409575644
2995 1431241410063263
2998 1431241410550882
3001 1431241411038501
3004 1431241411526120
3007 1431241412013739
3010 1431241412501358
3013 1431241412988977
3016 1431241413476596
3019 1431241413964215
3022 1431241414451834
3025 1431241414939453
3028 1431241415427072
3031 1431241415914691
3034 1431241416402310
3037 1431241416889929
3040 1431241417377548
3043 1431241417865167
3046 1431241418352786
3049 1431241418840405
3052 1431241419328024
3055 1431241419815643
3058 1431241420303262
3061 1431241420790881
3064 1431241421278500
3067 1431241421766119
3070 1431241422253738
3073 1431241422741357
3076 1431241423228976
3079 1431241423716595
3082 1431241424204214
3085 1431241424691833
3088 1431241425179452
3091 1431241425667071
3094 1431241426154690
3097 1431241426642309
3100 1431241427129928
3103 1431241427617547
3106 1431241428105166
3109 1431241428592785
3112 1431241429080404
3115 1431241429568023
3118 1431241430055642
3121 1431241430543261
3124 1431241431030880
3127 1431241431518499
3130 1431241432006118
3133 1431241432493737
3136 1431241432981356
3139 1431241433468975
3142 1431241433956594
3145 1431241434444213
3148 1431241434931832
3151 1431241435419451
3154 1431241435907070
3157 1431241436394689
3160 1431241436882308
3163 1431241437369927
3166 1431241437857546
3169 1431241438345165
3172 1431241438832784
3175 1431241439320403
3178 1431241439808022
3181 1431241440295641
3184 1431241440783260
3187 1431241441270879
3190 1431241441758498
3193 1431241442246117
3196 1431241442733736
3199 1431241443221355
3202 1431241443708974
3205 1431241444196593
3208 1431241444684212
3211 1431241445171831
3214 1431241445659450
3217 1431241446147069
3220 1431241446634688
3223 1431241447122307
3226 1431241447609926
3229 1431241448097545
3232 1431241448585164
3235 1431241449072783
3238 1431241449560402
3241 1431241450048021
3244 1431241450535640
3247 1431241451023259
3250 1431241451510878
3253 1431241451998497
3256 1431241452486116
3259 1431241452973735
3262 1431241453461354
3265 1431241453948973
3268 1431241454436592
3271 1431241454924211
3274 1431241455411830
3277 1431241455899449
3280 1431241456387068
3283 1431241456874687
3286 1431241457362306
3289 1431241457849925
3292 1431241458337544
3295 1431241458825163
3298 1431241459312782
3301 1431241459800401
3304 1431241460288020
3307 1431241460775639
3310 1431241461263258
3313 1431241461750877
3316 1431241462238496
3319 1431241462726115
3322 1431241463213734
3325 1431241463701353
3328 1431241464188972
3331 1431241464676591
3334 1431241465164210
3337 1431241465651829
3340 1431241466139448
3343 1431241466627067
3346 1431241467114686
3349 1431241467602305
3352 1431241468089924
3355 1431241468577543
3358 1431241469065162
3361 1431241469552781
3364 1431241470040400
3367 1431241470528019
3370 1431241471015638
3373 1431241471503257
3376 1431241471990876
3379 1431241472478495
3382 1431241472966114
3385 1431241473453733
3388 1431241473941352
3391 1431241474428971
3394 1431241474916590
3397 1431241475404209
3400 1431241475891828
3403 1431241476379447
3406 1431241476867066
3409 1431241477354685
3412 1431241477842304
3415 1431241478329923
3418 1431241478817542
3421 1431241479305161
3424 1431241479792780
3427 1431241480280399
3430 1431241480768018
3433 1431241481255637
3436 1431241481743256
3439 1431241482230875
3442 1431241482718494
3445 1431241483206113
3448 1431241483693732
3451 1431241484181351
3454 1431241484668970
3457 1431241485156589
3460 1431241485644208
3463 1431241486131827
3466 1431241486619446
3469 1431241487107065
3472 1431241487594684
3475 1431241488082303
3478 1431241488569922
3481 1431241489057541
3484 1431241489545160
3487 1431241490032779
3490 1431241490520398
3493 1431241491008017
3496 1431241491495636
3499 1431241491983255
3502 1431241492470874
3505 1431241492958493
3508 1431241493446112
3511 1431241493933731
3514 1431241494421350
3517 1431241494908969
3520 1431241495396588
3523 1431241495884207
3526 1431241496371826
3529 1431241496859445
3532 1431241497347064
3535 1431241497834683
3538 1431241498322302
3541 1431241498809921
3544 1431241499297540
3547 1431241499785159
3550 1431241500272778
3553 1431241500760397
3556 1431241501248016
3559 1431241501735635
3562 1431241502223254
3565 1431241502710873
3568 1431241503198492
3571 1431241503686111
3574 1431241504173730
3577 1431241504661349
3580 1431241505148968
3583 1431241505636587
3586 1431241506124206
3589 1431241506611825
3592 1431241507099444
3595 1431241507587063
3598 1431241508074682
3601 1431241508562301
3604 1431241509049920
3607 1431241509537539
3610 1431241510025158
3613 1431241510512777
3616 1431241511000396
3619 1431241511488015
3622 1431241511975634
3625 1431241512463253
3628 1431241512950872
3631 1431241513438491
3634 1431241513926110
3637 1431241514413729
3640 1431241514901348
3643 1431241515388967
3646 1431241515876586
3649 1431241516364205
3652 1431241516851824
3655 1431241517339443
3658 1431241517827062
3661 1431241518314681
3664 1431241518802300
3667 1431241519289919
3670 1431241519777538
3673 1431241520265157
3676 1431241520752776
3679 1431241521240395
3682 1431241521728014
3685 1431241522215633
3688 1431241522703252
3691 1431241523190871
3694 1431241523678490
3697 1431241524166109
3700 1431241524653728
3703 1431241525141347
3706 1431241525628966
3709 1431241526116585
3712 1431241526604204
3715 1431241527091823
3718 1431241527579442
3721 1431241528067061
3724 1431241528554680
3727 1431241529042299
3730 1431241529529918
3733 1431241530017537
3736 1431241530505156
3739 1431241530992775
3742 1431241531480394
3745 1431241531968013
3748 1431241532455632
3751 1431241532943251
3754 1431241533430870
3757 1431241533918489
3760 1431241534406108
3763 1431241534893727
3766 1431241535381346
3769 1431241535868965
3772 1431241536356584
3775 1431241536844203
3778 1431241537331822
3781 1431241537819441
3784 1431241538307060
3787 1431241538794679
3790 1431241539282298
3793 1431241539769917
3796 1431241540257536
3799 1431241540745155
3802 1431241541232774
3805 1431241541720393
3808 1431241542208012
3811 1431241542695631
3814 1431241543183250
3817 1431241543670869
3820 1431241544158488
3823 1431241544646107
3826 1431241545133726
3829 1431241545621345
3832 1431241546108964
3835 1431241546596583
3838 1431241547084202
3841 1431241547571821
3844 1431241548059440
3847 1431241548547059
3850 1431241549034678
3853 1431241549522297
3856 1431241550009916
3859 1431241550497535
3862 1431241550985154
3865 1431241551472773
3868 1431241551960392
3871 1431241552448011
3874 1431241552935630
3877 1431241553423249
3880 1431241553910868
3883 1431241554398487
3886 1431241554886106
3889 1431241555373725
3892 1431241555861344
3895 1431241556348963
3898 1431241556836582
3901 1431241557324201
3904 1431241557811820
3907 1431241558299439
3910 1431241558787058
3913 1431241559274677
3916 1431241559762296
3919 1431241560249915
3922 1431241560737534
3925 1431241561225153
3928 1431241561712772
3931 1431241562200391
3934 1431241562688010
3937 1431241563175629
3940 1431241563663248
3943 1431241564150867
3946 1431241564638486
3949 1431241565126105
3952 1431241565613724
3955 1431241566101343
3958 1431241566588962
3961 1431241567076581
3964 1431241567564200
3967 1431241568051819
3970 1431241568539438
3973 1431241569027057
3976 1431241569514676
3979 1431241570002295
3982 1431241570489914
3985 1431241570977533
3988 1431241571465152
3991 1431241571952771
3994 1431241572440390
3997 1431241572928009
4000 1431241573415628
4003 1431241573903247
4006 1431241574390866
4009 1431241574878485
4012 1431241575366104
4015 1431241575853723
4018 1431241576341342
4021 1431241576828961
4024 1431241577316580
4027 1431241577804199
4030 1431241578291818
4033 1431241578779437
4036 1431241579267056
4039 1431241579754675
4042 1431241580242294
4045 1431241580729913
4048 1431241581217532
4051 1431241581705151
4054 1431241582192770
4057 1431241582680389
4060 1431241583168008
4063 1431241583655627
4066 1431241584143246
4069 1431241584630865
4072 1431241585118484
4075 1431241585606103
4078 1431241586093722
4081 1431241586581341
4084 1431241587068960
4087 1431241587556579
4090 1431241588044198
4093 1431241588531817
4096 1431241589019436
4099 1431241589507055
4102 1431241589994674
4105 1431241590482293
4108 1431241590969912
4111 1431241591457531
4114 1431241591945150
4117 1431241592432769
4120 1431241592920388
4123 1431241593408007
4126 1431241593895626
4129 1431241594383245
4132 1431241594870864
4135 1431241595358483
4138 1431241595846102
4141 1431241596333721
4144 1431241596821340
4147 1431241597308959
4150 1431241597796578
4153 1431241598284197
4156 1431241598771816
4159 1431241599259435
4162 1431241599747054
4165 1431241600234673
4168 1431241600722292
4171 1431241601209911
4174 1431241601697530
4177 1431241602185149
4180 1431241602672768
4183 1431241603160387
4186 1431241603648006
4189 1431241604135625
4192 1431241604623244
4195 1431241605110863
4198 1431241605598482
4201 1431241606086101
4204 1431241606573720
4207 1431241607061339
4210 1431241607548958
4213 1431241608036577
4216 1431241608524196
4219 1431241609011815
4222 1431241609499434
4225 1431241609987053
4228 1431241610474672
4231 1431241610962291
4234 1431241611449910
4237 1431241611937529
4240 1431241612425148
4243 1431241612912767
4246 1431241613400386
4249 1431241613888005
4252 1431241614375624
4255 1431241614863243
4258 1431241615350862
4261 1431241615838481
4264 1431241616326100
4267 1431241616813719
4270 1431241617301338
4273 1431241617788957
4276 1431241618276576
4279 1431241618764195
4282 1431241619251814
4285 1431241619739433
4288 1431241620227052
4291 1431241620714671
4294 1431241621202290
4297 1431241621689909
4300 1431241622177528
4303 1431241622665147
4306 1431241623152766
4309 1431241623640385
4312 1431241624128004
4315 1431241624615623
4318 1431241625103242
4321 1431241625590861
4324 1431241626078480
4327 1431241626566099
4330 1431241627053718
4333 1431241627541337
4336 1431241628028956
4339 1431241628516575
4342 1431241629004194
4345 1431241629491813
4348 1431241629979432
4351 1431241630467051
4354 1431241630954670
4357 1431241631442289
4360 1431241631929908
4363 1431241632417527
4366 1431241632905146
4369 1431241633392765
4372 1431241633880384
4375 1431241634368003
4378 1431241634855622
4381 1431241635343241
4384 1431241635830860
4387 1431241636318479
4390 1431241636806098
4393 1431241637293717
4396 1431241637781336
4399 1431241638268955
4402 1431241638756574
4405 1431241639244193
4408 1431241639731812
4411 1431241640219431
4414 1431241640707050
4417 1431241641194669
4420 1431241641682288
4423 1431241642169907
4426 1431241642657526
4429 1431241643145145
4432 1431241643632764
4435 1431241644120383
4438 1431241644608002
4441 1431241645095621
4444 1431241645583240
4447 1431241646070859
4450 1431241646558478
4453 1431241647046097
4456 1431241647533716
4459 1431241648021335
4462 1431241648508954
4465 1431241648996573
4468 1431241649484192
4471 1431241649971811
4474 1431241650459430
4477 1431241650947049
4480 1431241651434668
4483 1431241651922287
4486 1431241652409906
4489 1431241652897525
4492 1431241653385144
4495 1431241653872763
4498 1431241654360382
4501 1431241654848001
4504 1431241655335620
4507 1431241655823239
4510 1431241656310858
4513 1431241656798477
4516 1431241657286096
4519 1431241657773715
