0
1
1 1986618469
1468
1 0.000000 0.458333
1 0.500000 0.958333
1 1.000000 1.458333
1 1.500000 1.958333
1 2.000000 2.458333
1 2.500000 2.958333
1 3.000000 3.458333
1 3.500000 3.958333
1 4.000000 4.458333
1 4.500000 4.958333
1 5.000000 5.458333
1 5.500000 5.958333
1 6.000000 6.458333
1 6.500000 6.958333
1 7.000000 7.458333
1 7.500000 7.958333
1 8.000000 8.458333
1 8.500000 8.958333
1 9.000000 9.458333
1 9.500000 9.958333
1 10.000000 10.458333
1 10.500000 10.958333
1 11.000000 11.458333
1 11.500000 11.958333
1 12.000000 12.458333
1 12.500000 12.958333
1 13.000000 13.458333
1 13.500000 13.958333
1 14.000000 14.458333
1 14.500000 14.958333
1 15.000000 15.458333
1 15.500000 15.958333
1 16.000000 16.458333
1 16.500000 16.958333
1 17.000000 17.458333
1 17.500000 17.958333
1 18.000000 18.458333
1 18.500000 18.958333
1 19.000000 19.458333
1 19.500000 19.958333
1 20.000000 20.458333
1 20.500000 20.958333
1 21.000000 21.458333
1 21.500000 21.958333
1 22.000000 22.458333
1 22.500000 22.958333
1 23.000000 23.458333
1 23.500000 23.958333
1 24.000000 24.458333
1 24.500000 24.958333
1 25.000000 25.458333
1 25.500000 25.958333
1 26.000000 26.458333
1 26.500000 26.958333
1 27.000000 27.458333
1 27.500000 27.958333
1 28.000000 28.458333
1 28.500000 28.958333
1 29.000000 29.458333
1 29.500000 29.958333
1 30.000000 30.458333
1 30.500000 30.958333
1 31.000000 31.458333
1 31.500000 31.958333
1 32.000000 32.458333
1 32.500000 32.958333
1 33.000000 33.458333
1 33.500000 33.958333
1 34.000000 34.458333
1 34.500000 34.958333
1 35.000000 35.458333
1 35.500000 35.958333
1 36.000000 36.458333
1 36.500000 36.958333
1 37.000000 37.458333
1 37.500000 37.958333
1 38.000000 38.458333
1 38.500000 38.958333
1 39.000000 39.458333
1 39.500000 39.958333
1 40.000000 40.458333
1 40.500000 40.958333
1 41.000000 41.458333
1 41.500000 41.958333
1 42.000000 42.458333
1 42.500000 42.958333
1 43.000000 43.458333
1 43.500000 43.958333
1 44.000000 44.458333
1 44.500000 44.958333
1 45.000000 45.458333
1 45.500000 45.958333
1 46.000000 46.458333
1 46.500000 46.958333
1 47.000000 47.458333
1 47.500000 47.958333
1 48.000000 48.458333
1 48.500000 48.958333
1 49.000000 49.458333
1 49.500000 49.958333
1 50.000000 50.458333
1 50.500000 50.958333
1 51.000000 51.458333
1 51.500000 51.958333
1 52.000000 52.458333
1 52.500000 52.958333
1 53.000000 53.458333
1 53.500000 53.958333
1 54.000000 54.458333
1 54.500000 54.958333
1 55.000000 55.458333
1 55.500000 55.958333
1 56.000000 56.458333
1 56.500000 56.958333
1 57.000000 57.458333
1 57.500000 57.958333
1 58.000000 58.458333
1 58.500000 58.958333
1 59.000000 59.458333
1 59.500000 59.958333
1 60.000000 60.458333
1 60.500000 60.958333
1 61.000000 61.458333
1 61.500000 61.958333
1 62.000000 62.458333
1 62.500000 62.958333
1 63.000000 63.458333
1 63.500000 63.958333
1 64.000000 64.458333
1 64.500000 64.958333
1 65.000000 65.458333
1 65.500000 65.958333
1 66.000000 66.458333
1 66.500000 66.958333
1 67.000000 67.458333
1 67.500000 67.958333
1 68.000000 68.458333
1 68.500000 68.958333
1 69.000000 69.458333
1 69.500000 69.958333
1 70.000000 70.458333
1 70.500000 70.958333
1 71.000000 71.458333
1 71.500000 71.958333
1 72.000000 72.458333
1 72.500000 72.958333
1 73.000000 73.458333
1 73.500000 73.958333
1 74.000000 74.458333
1 74.500000 74.958333
1 75.000000 75.458333
1 75.500000 75.958333
1 76.000000 76.458333
1 76.500000 76.958333
1 77.000000 77.458333
1 77.500000 77.958333
1 78.000000 78.458333
1 78.500000 78.958333
1 79.000000 79.458333
1 79.500000 79.958333
1 80.000000 80.458333
1 80.500000 80.958333
1 81.000000 81.458333
1 81.500000 81.958333
1 82.000000 82.458333
1 82.500000 82.958333
1 83.000000 83.458333
1 83.500000 83.958333
1 84.000000 84.458333
1 84.500000 84.958333
1 85.000000 85.458333
1 85.500000 85.958333
1 86.000000 86.458333
1 86.500000 86.958333
1 87.000000 87.458333
1 87.500000 87.958333
1 88.000000 88.458333
1 88.500000 88.958333
1 89.000000 89.458333
1 89.500000 89.958333
1 90.000000 90.458333
1 90.500000 90.958333
1 91.000000 91.458333
1 91.500000 91.958333
1 92.000000 92.458333
1 92.500000 92.958333
1 93.000000 93.458333
1 93.500000 93.958333
1 94.000000 94.458333
1 94.500000 94.958333
1 95.000000 95.458333
1 95.500000 95.958333
1 96.000000 96.458333
1 96.500000 96.958333
1 97.000000 97.458333
1 97.500000 97.958333
1 98.000000 98.458333
1 98.500000 98.958333
1 99.000000 99.458333
1 99.500000 99.958333
1 100.000000 100.458333
1 100.500000 100.958333
1 101.000000 101.458333
1 101.500000 101.958333
1 102.000000 102.458333
1 102.500000 102.958333
1 103.000000 103.458333
1 103.500000 103.958333
1 104.000000 104.458333
1 104.500000 104.958333
1 105.000000 105.458333
1 105.500000 105.958333
1 106.000000 106.458333
1 106.500000 106.958333
1 107.000000 107.458333
1 107.500000 107.958333
1 108.000000 108.458333
1 108.500000 108.958333
1 109.000000 109.458333
1 109.500000 109.958333
1 110.000000 110.458333
1 110.500000 110.958333
1 111.000000 111.458333
1 111.500000 111.958333
1 112.000000 112.458333
1 112.500000 112.958333
1 113.000000 113.458333
1 113.500000 113.958333
1 114.000000 114.458333
1 114.500000 114.958333
1 115.000000 115.458333
1 115.500000 115.958333
1 116.000000 116.458333
1 116.500000 116.958333
1 117.000000 117.458333
1 117.500000 117.958333
1 118.000000 118.458333
1 118.500000 118.958333
1 119.000000 119.458333
1 119.500000 119.958333
1 120.000000 120.458333
1 120.500000 120.958333
1 121.000000 121.458333
1 121.500000 121.958333
1 122.000000 122.458333
1 122.500000 122.958333
1 123.000000 123.458333
1 123.500000 123.958333
1 124.000000 124.458333
1 124.500000 124.958333
1 125.000000 125.458333
1 125.500000 125.958333
1 126.000000 126.458333
1 126.500000 126.958333
1 127.000000 127.458333
1 127.500000 127.958333
1 128.000000 128.458333
1 128.500000 128.958333
1 129.000000 129.458333
1 129.500000 129.958333
1 130.000000 130.458333
1 130.500000 130.958333
1 131.000000 131.458333
1 131.500000 131.958333
1 132.000000 132.458333
1 132.500000 132.958333
1 133.000000 133.458333
1 133.500000 133.958333
1 134.000000 134.458333
1 134.500000 134.958333
1 135.000000 135.458333
1 135.500000 135.958333
1 136.000000 136.458333
1 136.500000 136.958333
1 137.000000 137.458333
1 137.500000 137.958333
1 138.000000 138.458333
1 138.500000 138.958333
1 139.000000 139.458333
1 139.500000 139.958333
1 140.000000 140.458333
1 140.500000 140.958333
1 141.000000 141.458333
1 141.500000 141.958333
1 142.000000 142.458333
1 142.500000 142.958333
1 143.000000 143.458333
1 143.500000 143.958333
1 144.000000 144.458333
1 144.500000 144.958333
1 145.000000 145.458333
1 145.500000 145.958333
1 146.000000 146.458333
1 146.500000 146.958333
1 147.000000 147.458333
1 147.500000 147.958333
1 148.000000 148.458333
1 148.500000 148.958333
1 149.000000 149.458333
1 149.500000 149.958333
1 150.000000 150.458333
1 150.500000 150.958333
1 151.000000 151.458333
1 151.500000 151.958333
1 152.000000 152.458333
1 152.500000 152.958333
1 153.000000 153.458333
1 153.500000 153.958333
1 154.000000 154.458333
1 154.500000 154.958333
1 155.000000 155.458333
1 155.500000 155.958333
1 156.000000 156.458333
1 156.500000 156.958333
1 157.000000 157.458333
1 157.500000 157.958333
1 158.000000 158.458333
1 158.500000 158.958333
1 159.000000 159.458333
1 159.500000 159.958333
1 160.000000 160.458333
1 160.500000 160.958333
1 161.000000 161.458333
1 161.500000 161.958333
1 162.000000 162.458333
1 162.500000 162.958333
1 163.000000 163.458333
1 163.500000 163.958333
1 164.000000 164.458333
1 164.500000 164.958333
1 165.000000 165.458333
1 165.500000 165.958333
1 166.000000 166.458333
1 166.500000 166.958333
1 167.000000 167.458333
1 167.500000 167.958333
1 168.000000 168.458333
1 168.500000 168.958333
1 169.000000 169.458333
1 169.500000 169.958333
1 170.000000 170.458333
1 170.500000 170.958333
1 171.000000 171.458333
1 171.500000 171.958333
1 172.000000 172.458333
1 172.500000 172.958333
1 173.000000 173.458333
1 173.500000 173.958333
1 174.000000 174.458333
1 174.500000 174.958333
1 175.000000 175.458333
1 175.500000 175.958333
1 176.000000 176.458333
1 176.500000 176.958333
1 177.000000 177.458333
1 177.500000 177.958333
1 178.000000 178.458333
1 178.500000 178.958333
1 179.000000 179.458333
1 179.500000 179.958333
1 180.000000 180.458333
1 180.500000 180.958333
1 181.000000 181.458333
1 181.500000 181.958333
1 182.000000 182.458333
1 182.500000 182.958333
1 183.000000 183.458333
1 183.500000 183.958333
1 184.000000 184.458333
1 184.500000 184.958333
1 185.000000 185.458333
1 185.500000 185.958333
1 186.000000 186.458333
1 186.500000 186.958333
1 187.000000 187.458333
1 187.500000 187.958333
1 188.000000 188.458333
1 188.500000 188.958333
1 189.000000 189.458333
1 189.500000 189.958333
1 190.000000 190.458333
1 190.500000 190.958333
1 191.000000 191.458333
1 191.500000 191.958333
1 192.000000 192.458333
1 192.500000 192.958333
1 193.000000 193.458333
1 193.500000 193.958333
1 194.000000 194.458333
1 194.500000 194.958333
1 195.000000 195.458333
1 195.500000 195.958333
1 196.000000 196.458333
1 196.500000 196.958333
1 197.000000 197.458333
1 197.500000 197.958333
1 198.000000 198.458333
1 198.500000 198.958333
1 199.000000 199.458333
1 199.500000 199.958333
1 200.000000 200.458333
1 200.500000 200.958333
1 201.000000 201.458333
1 201.500000 201.958333
1 202.000000 202.458333
1 202.500000 202.958333
1 203.000000 203.458333
1 203.500000 203.958333
1 204.000000 204.458333
1 204.500000 204.958333
1 205.000000 205.458333
1 205.500000 205.958333
1 206.000000 206.458333
1 206.500000 206.958333
1 207.000000 207.458333
1 207.500000 207.958333
1 208.000000 208.458333
1 208.500000 208.958333
1 209.000000 209.458333
1 209.500000 209.958333
1 210.000000 210.458333
1 210.500000 210.958333
1 211.000000 211.458333
1 211.500000 211.958333
1 212.000000 212.458333
1 212.500000 212.958333
1 213.000000 213.458333
1 213.500000 213.958333
1 214.000000 214.458333
1 214.500000 214.958333
1 215.000000 215.458333
1 215.500000 215.958333
1 216.000000 216.458333
1 216.500000 216.958333
1 217.000000 217.458333
1 217.500000 217.958333
1 218.000000 218.458333
1 218.500000 218.958333
1 219.000000 219.458333
1 219.500000 219.958333
1 220.000000 220.458333
1 220.500000 220.958333
1 221.000000 221.458333
1 221.500000 221.958333
1 222.000000 222.458333
1 222.500000 222.958333
1 223.000000 223.458333
1 223.500000 223.958333
1 224.000000 224.458333
1 224.500000 224.958333
1 225.000000 225.458333
1 225.500000 225.958333
1 226.000000 226.458333
1 226.500000 226.958333
1 227.000000 227.458333
1 227.500000 227.958333
1 228.000000 228.458333
1 228.500000 228.958333
1 229.000000 229.458333
1 229.500000 229.958333
1 230.000000 230.458333
1 230.500000 230.958333
1 231.000000 231.458333
1 231.500000 231.958333
1 232.000000 232.458333
1 232.500000 232.958333
1 233.000000 233.458333
1 233.500000 233.958333
1 234.000000 234.458333
1 234.500000 234.958333
1 235.000000 235.458333
1 235.500000 235.958333
1 236.000000 236.458333
1 236.500000 236.958333
1 237.000000 237.458333
1 237.500000 237.958333
1 238.000000 238.458333
1 238.500000 238.958333
1 239.000000 239.458333
1 239.500000 239.958333
1 240.000000 240.458333
1 240.500000 240.958333
1 241.000000 241.458333
1 241.500000 241.958333
1 242.000000 242.458333
1 242.500000 242.958333
1 243.000000 243.458333
1 243.500000 243.958333
1 244.000000 244.458333
1 244.500000 244.958333
1 245.000000 245.458333
1 245.500000 245.958333
1 246.000000 246.458333
1 246.500000 246.958333
1 247.000000 247.458333
1 247.500000 247.958333
1 248.000000 248.458333
1 248.500000 248.958333
1 249.000000 249.458333
1 249.500000 249.958333
1 250.000000 250.458333
1 250.500000 250.958333
1 251.000000 251.458333
1 251.500000 251.958333
1 252.000000 252.458333
1 252.500000 252.958333
1 253.000000 253.458333
1 253.500000 253.958333
1 254.000000 254.458333
1 254.500000 254.958333
1 255.000000 255.458333
1 255.500000 255.958333
1 256.000000 256.458333
1 256.500000 256.958333
1 257.000000 257.458333
1 257.500000 257.958333
1 258.000000 258.458333
1 258.500000 258.958333
1 259.000000 259.458333
1 259.500000 259.958333
1 260.000000 260.458333
1 260.500000 260.958333
1 261.000000 261.458333
1 261.500000 261.958333
1 262.000000 262.458333
1 262.500000 262.958333
1 263.000000 263.458333
1 263.500000 263.958333
1 264.000000 264.458333
1 264.500000 264.958333
1 265.000000 265.458333
1 265.500000 265.958333
1 266.000000 266.458333
1 266.500000 266.958333
1 267.000000 267.458333
1 267.500000 267.958333
1 268.000000 268.458333
1 268.500000 268.958333
1 269.000000 269.458333
1 269.500000 269.958333
1 270.000000 270.458333
1 270.500000 270.958333
1 271.000000 271.458333
1 271.500000 271.958333
1 272.000000 272.458333
1 272.500000 272.958333
1 273.000000 273.458333
1 273.500000 273.958333
1 274.000000 274.458333
1 274.500000 274.958333
1 275.000000 275.458333
1 275.500000 275.958333
1 276.000000 276.458333
1 276.500000 276.958333
1 277.000000 277.458333
1 277.500000 277.958333
1 278.000000 278.458333
1 278.500000 278.958333
1 279.000000 279.458333
1 279.500000 279.958333
1 280.000000 280.458333
1 280.500000 280.958333
1 281.000000 281.458333
1 281.500000 281.958333
1 282.000000 282.458333
1 282.500000 282.958333
1 283.000000 283.458333
1 283.500000 283.958333
1 284.000000 284.458333
1 284.500000 284.958333
1 285.000000 285.458333
1 285.500000 285.958333
1 286.000000 286.458333
1 286.500000 286.958333
1 287.000000 287.458333
1 287.500000 287.958333
1 288.000000 288.458333
1 288.500000 288.958333
1 289.000000 289.458333
1 289.500000 289.958333
1 290.000000 290.458333
1 290.500000 290.958333
1 291.000000 291.458333
1 291.500000 291.958333
1 292.000000 292.458333
1 292.500000 292.958333
1 293.000000 293.458333
1 293.500000 293.958333
1 294.000000 294.458333
1 294.500000 294.958333
1 295.000000 295.458333
1 295.500000 295.958333
1 296.000000 296.458333
1 296.500000 296.958333
1 297.000000 297.458333
1 297.500000 297.958333
1 298.000000 298.458333
1 298.500000 298.958333
1 299.000000 299.458333
1 299.500000 299.958333
1 300.000000 300.458333
1 300.500000 300.958333
1 301.000000 301.458333
1 301.500000 301.958333
1 302.000000 302.458333
1 302.500000 302.958333
1 303.000000 303.458333
1 303.500000 303.958333
1 304.000000 304.458333
1 304.500000 304.958333
1 305.000000 305.458333
1 305.500000 305.958333
1 306.000000 306.458333
1 306.500000 306.958333
1 307.000000 307.458333
1 307.500000 307.958333
1 308.000000 308.458333
1 308.500000 308.958333
1 309.000000 309.458333
1 309.500000 309.958333
1 310.000000 310.458333
1 310.500000 310.958333
1 311.000000 311.458333
1 311.500000 311.958333
1 312.000000 312.458333
1 312.500000 312.958333
1 313.000000 313.458333
1 313.500000 313.958333
1 314.000000 314.458333
1 314.500000 314.958333
1 315.000000 315.458333
1 315.500000 315.958333
1 316.000000 316.458333
1 316.500000 316.958333
1 317.000000 317.458333
1 317.500000 317.958333
1 318.000000 318.458333
1 318.500000 318.958333
1 319.000000 319.458333
1 319.500000 319.958333
1 320.000000 320.458333
1 320.500000 320.958333
1 321.000000 321.458333
1 321.500000 321.958333
1 322.000000 322.458333
1 322.500000 322.958333
1 323.000000 323.458333
1 323.500000 323.958333
1 324.000000 324.458333
1 324.500000 324.958333
1 325.000000 325.458333
1 325.500000 325.958333
1 326.000000 326.458333
1 326.500000 326.958333
1 327.000000 327.458333
1 327.500000 327.958333
1 328.000000 328.458333
1 328.500000 328.958333
1 329.000000 329.458333
1 329.500000 329.958333
1 330.000000 330.458333
1 330.500000 330.958333
1 331.000000 331.458333
1 331.500000 331.958333
1 332.000000 332.458333
1 332.500000 332.958333
1 333.000000 333.458333
1 333.500000 333.958333
1 334.000000 334.458333
1 334.500000 334.958333
1 335.000000 335.458333
1 335.500000 335.958333
1 336.000000 336.458333
1 336.500000 336.958333
1 337.000000 337.458333
1 337.500000 337.958333
1 338.000000 338.458333
1 338.500000 338.958333
1 339.000000 339.458333
1 339.500000 339.958333
1 340.000000 340.458333
1 340.500000 340.958333
1 341.000000 341.458333
1 341.500000 341.958333
1 342.000000 342.458333
1 342.500000 342.958333
1 343.000000 343.458333
1 343.500000 343.958333
1 344.000000 344.458333
1 344.500000 344.958333
1 345.000000 345.458333
1 345.500000 345.958333
1 346.000000 346.458333
1 346.500000 346.958333
1 347.000000 347.458333
1 347.500000 347.958333
1 348.000000 348.458333
1 348.500000 348.958333
1 349.000000 349.458333
1 349.500000 349.958333
1 350.000000 350.458333
1 350.500000 350.958333
1 351.000000 351.458333
1 351.500000 351.958333
1 352.000000 352.458333
1 352.500000 352.958333
1 353.000000 353.458333
1 353.500000 353.958333
1 354.000000 354.458333
1 354.500000 354.958333
1 355.000000 355.458333
1 355.500000 355.958333
1 356.000000 356.458333
1 356.500000 356.958333
1 357.000000 357.458333
1 357.500000 357.958333
1 358.000000 358.458333
1 358.500000 358.958333
1 359.000000 359.458333
1 359.500000 359.958333
1 360.000000 360.458333
1 360.500000 360.958333
1 361.000000 361.458333
1 361.500000 361.958333
1 362.000000 362.458333
1 362.500000 362.958333
1 363.000000 363.458333
1 363.500000 363.958333
1 364.000000 364.458333
1 364.500000 364.958333
1 365.000000 365.458333
1 365.500000 365.958333
1 366.000000 366.458333
1 366.500000 366.958333
1 367.000000 367.458333
1 367.500000 367.958333
1 368.000000 368.458333
1 368.500000 368.958333
1 369.000000 369.458333
1 369.500000 369.958333
1 370.000000 370.458333
1 370.500000 370.958333
1 371.000000 371.458333
1 371.500000 371.958333
1 372.000000 372.458333
1 372.500000 372.958333
1 373.000000 373.458333
1 373.500000 373.958333
1 374.000000 374.458333
1 374.500000 374.958333
1 375.000000 375.458333
1 375.500000 375.958333
1 376.000000 376.458333
1 376.500000 376.958333
1 377.000000 377.458333
1 377.500000 377.958333
1 378.000000 378.458333
1 378.500000 378.958333
1 379.000000 379.458333
1 379.500000 379.958333
1 380.000000 380.458333
1 380.500000 380.958333
1 381.000000 381.458333
1 381.500000 381.958333
1 382.000000 382.458333
1 382.500000 382.958333
1 383.000000 383.458333
1 383.500000 383.958333
1 384.000000 384.458333
1 384.500000 384.958333
1 385.000000 385.458333
1 385.500000 385.958333
1 386.000000 386.458333
1 386.500000 386.958333
1 387.000000 387.458333
1 387.500000 387.958333
1 388.000000 388.458333
1 388.500000 388.958333
1 389.000000 389.458333
1 389.500000 389.958333
1 390.000000 390.458333
1 390.500000 390.958333
1 391.000000 391.458333
1 391.500000 391.958333
1 392.000000 392.458333
1 392.500000 392.958333
1 393.000000 393.458333
1 393.500000 393.958333
1 394.000000 394.458333
1 394.500000 394.958333
1 395.000000 395.458333
1 395.500000 395.958333
1 396.000000 396.458333
1 396.500000 396.958333
1 397.000000 397.458333
1 397.500000 397.958333
1 398.000000 398.458333
1 398.500000 398.958333
1 399.000000 399.458333
1 399.500000 399.958333
1 400.000000 400.458333
1 400.500000 400.958333
1 401.000000 401.458333
1 401.500000 401.958333
1 402.000000 402.458333
1 402.500000 402.958333
1 403.000000 403.458333
1 403.500000 403.958333
1 404.000000 404.458333
1 404.500000 404.958333
1 405.000000 405.458333
1 405.500000 405.958333
1 406.000000 406.458333
1 406.500000 406.958333
1 407.000000 407.458333
1 407.500000 407.958333
1 408.000000 408.458333
1 408.500000 408.958333
1 409.000000 409.458333
1 409.500000 409.958333
1 410.000000 410.458333
1 410.500000 410.958333
1 411.000000 411.458333
1 411.500000 411.958333
1 412.000000 412.458333
1 412.500000 412.958333
1 413.000000 413.458333
1 413.500000 413.958333
1 414.000000 414.458333
1 414.500000 414.958333
1 415.000000 415.458333
1 415.500000 415.958333
1 416.000000 416.458333
1 416.500000 416.958333
1 417.000000 417.458333
1 417.500000 417.958333
1 418.000000 418.458333
1 418.500000 418.958333
1 419.000000 419.458333
1 419.500000 419.958333
1 420.000000 420.458333
1 420.500000 420.958333
1 421.000000 421.458333
1 421.500000 421.958333
1 422.000000 422.458333
1 422.500000 422.958333
1 423.000000 423.458333
1 423.500000 423.958333
1 424.000000 424.458333
1 424.500000 424.958333
1 425.000000 425.458333
1 425.500000 425.958333
1 426.000000 426.458333
1 426.500000 426.958333
1 427.000000 427.458333
1 427.500000 427.958333
1 428.000000 428.458333
1 428.500000 428.958333
1 429.000000 429.458333
1 429.500000 429.958333
1 430.000000 430.458333
1 430.500000 430.958333
1 431.000000 431.458333
1 431.500000 431.958333
1 432.000000 432.458333
1 432.500000 432.958333
1 433.000000 433.458333
1 433.500000 433.958333
1 434.000000 434.458333
1 434.500000 434.958333
1 435.000000 435.458333
1 435.500000 435.958333
1 436.000000 436.458333
1 436.500000 436.958333
1 437.000000 437.458333
1 437.500000 437.958333
1 438.000000 438.458333
1 438.500000 438.958333
1 439.000000 439.458333
1 439.500000 439.958333
1 440.000000 440.458333
1 440.500000 440.958333
1 441.000000 441.458333
1 441.500000 441.958333
1 442.000000 442.458333
1 442.500000 442.958333
1 443.000000 443.458333
1 443.500000 443.958333
1 444.000000 444.458333
1 444.500000 444.958333
1 445.000000 445.458333
1 445.500000 445.958333
1 446.000000 446.458333
1 446.500000 446.958333
1 447.000000 447.458333
1 447.500000 447.958333
1 448.000000 448.458333
1 448.500000 448.958333
1 449.000000 449.458333
1 449.500000 449.958333
1 450.000000 450.458333
1 450.500000 450.958333
1 451.000000 451.458333
1 451.500000 451.958333
1 452.000000 452.458333
1 452.500000 452.958333
1 453.000000 453.458333
1 453.500000 453.958333
1 454.000000 454.458333
1 454.500000 454.958333
1 455.000000 455.458333
1 455.500000 455.958333
1 456.000000 456.458333
1 456.500000 456.958333
1 457.000000 457.458333
1 457.500000 457.958333
1 458.000000 458.458333
1 458.500000 458.958333
1 459.000000 459.458333
1 459.500000 459.958333
1 460.000000 460.458333
1 460.500000 460.958333
1 461.000000 461.458333
1 461.500000 461.958333
1 462.000000 462.458333
1 462.500000 462.958333
1 463.000000 463.458333
1 463.500000 463.958333
1 464.000000 464.458333
1 464.500000 464.958333
1 465.000000 465.458333
1 465.500000 465.958333
1 466.000000 466.458333
1 466.500000 466.958333
1 467.000000 467.458333
1 467.500000 467.958333
1 468.000000 468.458333
1 468.500000 468.958333
1 469.000000 469.458333
1 469.500000 469.958333
1 470.000000 470.458333
1 470.500000 470.958333
1 471.000000 471.458333
1 471.500000 471.958333
1 472.000000 472.458333
1 472.500000 472.958333
1 473.000000 473.458333
1 473.500000 473.958333
1 474.000000 474.458333
1 474.500000 474.958333
1 475.000000 475.458333
1 475.500000 475.958333
1 476.000000 476.458333
1 476.500000 476.958333
1 477.000000 477.458333
1 477.500000 477.958333
1 478.000000 478.458333
1 478.500000 478.958333
1 479.000000 479.458333
1 479.500000 479.958333
1 480.000000 480.458333
1 480.500000 480.958333
1 481.000000 481.458333
1 481.500000 481.958333
1 482.000000 482.458333
1 482.500000 482.958333
1 483.000000 483.458333
1 483.500000 483.958333
1 484.000000 484.458333
1 484.500000 484.958333
1 485.000000 485.458333
1 485.500000 485.958333
1 486.000000 486.458333
1 486.500000 486.958333
1 487.000000 487.458333
1 487.500000 487.958333
1 488.000000 488.458333
1 488.500000 488.958333
1 489.000000 489.458333
1 489.500000 489.958333
1 490.000000 490.458333
1 490.500000 490.958333
1 491.000000 491.458333
1 491.500000 491.958333
1 492.000000 492.458333
1 492.500000 492.958333
1 493.000000 493.458333
1 493.500000 493.958333
1 494.000000 494.458333
1 494.500000 494.958333
1 495.000000 495.458333
1 495.500000 495.958333
1 496.000000 496.458333
1 496.500000 496.958333
1 497.000000 497.458333
1 497.500000 497.958333
1 498.000000 498.458333
1 498.500000 498.958333
1 499.000000 499.458333
1 499.500000 499.958333
1 500.000000 500.458333
1 500.500000 500.958333
1 501.000000 501.458333
1 501.500000 501.958333
1 502.000000 502.458333
1 502.500000 502.958333
1 503.000000 503.458333
1 503.500000 503.958333
1 504.000000 504.458333
1 504.500000 504.958333
1 505.000000 505.458333
1 505.500000 505.958333
1 506.000000 506.458333
1 506.500000 506.958333
1 507.000000 507.458333
1 507.500000 507.958333
1 508.000000 508.458333
1 508.500000 508.958333
1 509.000000 509.458333
1 509.500000 509.958333
1 510.000000 510.458333
1 510.500000 510.958333
1 511.000000 511.458333
1 511.500000 511.958333
1 512.000000 512.458333
1 512.500000 512.958333
1 513.000000 513.458333
1 513.500000 513.958333
1 514.000000 514.458333
1 514.500000 514.958333
1 515.000000 515.458333
1 515.500000 515.958333
1 516.000000 516.458333
1 516.500000 516.958333
1 517.000000 517.458333
1 517.500000 517.958333
1 518.000000 518.458333
1 518.500000 518.958333
1 519.000000 519.458333
1 519.500000 519.958333
1 520.000000 520.458333
1 520.500000 520.958333
1 521.000000 521.458333
1 521.500000 521.958333
1 522.000000 522.458333
1 522.500000 522.958333
1 523.000000 523.458333
1 523.500000 523.958333
1 524.000000 524.458333
1 524.500000 524.958333
1 525.000000 525.458333
1 525.500000 525.958333
1 526.000000 526.458333
1 526.500000 526.958333
1 527.000000 527.458333
1 527.500000 527.958333
1 528.000000 528.458333
1 528.500000 528.958333
1 529.000000 529.458333
1 529.500000 529.958333
1 530.000000 530.458333
1 530.500000 530.958333
1 531.000000 531.458333
1 531.500000 531.958333
1 532.000000 532.458333
1 532.500000 532.958333
1 533.000000 533.458333
1 533.500000 533.958333
1 534.000000 534.458333
1 534.500000 534.958333
1 535.000000 535.458333
1 535.500000 535.958333
1 536.000000 536.458333
1 536.500000 536.958333
1 537.000000 537.458333
1 537.500000 537.958333
1 538.000000 538.458333
1 538.500000 538.958333
1 539.000000 539.458333
1 539.500000 539.958333
1 540.000000 540.458333
1 540.500000 540.958333
1 541.000000 541.458333
1 541.500000 541.958333
1 542.000000 542.458333
1 542.500000 542.958333
1 543.000000 543.458333
1 543.500000 543.958333
1 544.000000 544.458333
1 544.500000 544.958333
1 545.000000 545.458333
1 545.500000 545.958333
1 546.000000 546.458333
1 546.500000 546.958333
1 547.000000 547.458333
1 547.500000 547.958333
1 548.000000 548.458333
1 548.500000 548.958333
1 549.000000 549.458333
1 549.500000 549.958333
1 550.000000 550.458333
1 550.500000 550.958333
1 551.000000 551.458333
1 551.500000 551.958333
1 552.000000 552.458333
1 552.500000 552.958333
1 553.000000 553.458333
1 553.500000 553.958333
1 554.000000 554.458333
1 554.500000 554.958333
1 555.000000 555.458333
1 555.500000 555.958333
1 556.000000 556.458333
1 556.500000 556.958333
1 557.000000 557.458333
1 557.500000 557.958333
1 558.000000 558.458333
1 558.500000 558.958333
1 559.000000 559.458333
1 559.500000 559.958333
1 560.000000 560.458333
1 560.500000 560.958333
1 561.000000 561.458333
1 561.500000 561.958333
1 562.000000 562.458333
1 562.500000 562.958333
1 563.000000 563.458333
1 563.500000 563.958333
1 564.000000 564.458333
1 564.500000 564.958333
1 565.000000 565.458333
1 565.500000 565.958333
1 566.000000 566.458333
1 566.500000 566.958333
1 567.000000 567.458333
1 567.500000 567.958333
1 568.000000 568.458333
1 568.500000 568.958333
1 569.000000 569.458333
1 569.500000 569.958333
1 570.000000 570.458333
1 570.500000 570.958333
1 571.000000 571.458333
1 571.500000 571.958333
1 572.000000 572.458333
1 572.500000 572.958333
1 573.000000 573.458333
1 573.500000 573.958333
1 574.000000 574.458333
1 574.500000 574.958333
1 575.000000 575.458333
1 575.500000 575.958333
1 576.000000 576.458333
1 576.500000 576.958333
1 577.000000 577.458333
1 577.500000 577.958333
1 578.000000 578.458333
1 578.500000 578.958333
1 579.000000 579.458333
1 579.500000 579.958333
1 580.000000 580.458333
1 580.500000 580.958333
1 581.000000 581.458333
1 581.500000 581.958333
1 582.000000 582.458333
1 582.500000 582.958333
1 583.000000 583.458333
1 583.500000 583.958333
1 584.000000 584.458333
1 584.500000 584.958333
1 585.000000 585.458333
1 585.500000 585.958333
1 586.000000 586.458333
1 586.500000 586.958333
1 587.000000 587.458333
1 587.500000 587.958333
1 588.000000 588.458333
1 588.500000 588.958333
1 589.000000 589.458333
1 589.500000 589.958333
1 590.000000 590.458333
1 590.500000 590.958333
1 591.000000 591.458333
1 591.500000 591.958333
1 592.000000 592.458333
1 592.500000 592.958333
1 593.000000 593.458333
1 593.500000 593.958333
1 594.000000 594.458333
1 594.500000 594.958333
1 595.000000 595.458333
1 595.500000 595.958333
1 596.000000 596.458333
1 596.500000 596.958333
1 597.000000 597.458333
1 597.500000 597.958333
1 598.000000 598.458333
1 598.500000 598.958333
1 599.000000 599.458333
1 599.500000 599.958333
1 600.000000 600.458333
1 600.500000 600.958333
1 601.000000 601.458333
1 601.500000 601.958333
1 602.000000 602.458333
1 602.500000 602.958333
1 603.000000 603.458333
1 603.500000 603.958333
1 604.000000 604.458333
1 604.500000 604.958333
1 605.000000 605.458333
1 605.500000 605.958333
1 606.000000 606.458333
1 606.500000 606.958333
1 607.000000 607.458333
1 607.500000 607.958333
1 608.000000 608.458333
1 608.500000 608.958333
1 609.000000 609.458333
1 609.500000 609.958333
1 610.000000 610.458333
1 610.500000 610.958333
1 611.000000 611.458333
1 611.500000 611.958333
1 612.000000 612.458333
1 612.500000 612.958333
1 613.000000 613.458333
1 613.500000 613.958333
1 614.000000 614.458333
1 614.500000 614.958333
1 615.000000 615.458333
1 615.500000 615.958333
1 616.000000 616.458333
1 616.500000 616.958333
1 617.000000 617.458333
1 617.500000 617.958333
1 618.000000 618.458333
1 618.500000 618.958333
1 619.000000 619.458333
1 619.500000 619.958333
1 620.000000 620.458333
1 620.500000 620.958333
1 621.000000 621.458333
1 621.500000 621.958333
1 622.000000 622.458333
1 622.500000 622.958333
1 623.000000 623.458333
1 623.500000 623.958333
1 624.000000 624.458333
1 624.500000 624.958333
1 625.000000 625.458333
1 625.500000 625.958333
1 626.000000 626.458333
1 626.500000 626.958333
1 627.000000 627.458333
1 627.500000 627.958333
1 628.000000 628.458333
1 628.500000 628.958333
1 629.000000 629.458333
1 629.500000 629.958333
1 630.000000 630.458333
1 630.500000 630.958333
1 631.000000 631.458333
1 631.500000 631.958333
1 632.000000 632.458333
1 632.500000 632.958333
1 633.000000 633.458333
1 633.500000 633.958333
1 634.000000 634.458333
1 634.500000 634.958333
1 635.000000 635.458333
1 635.500000 635.958333
1 636.000000 636.458333
1 636.500000 636.958333
1 637.000000 637.458333
1 637.500000 637.958333
1 638.000000 638.458333
1 638.500000 638.958333
1 639.000000 639.458333
1 639.500000 639.958333
1 640.000000 640.458333
1 640.500000 640.958333
1 641.000000 641.458333
1 641.500000 641.958333
1 642.000000 642.458333
1 642.500000 642.958333
1 643.000000 643.458333
1 643.500000 643.958333
1 644.000000 644.458333
1 644.500000 644.958333
1 645.000000 645.458333
1 645.500000 645.958333
1 646.000000 646.458333
1 646.500000 646.958333
1 647.000000 647.458333
1 647.500000 647.958333
1 648.000000 648.458333
1 648.500000 648.958333
1 649.000000 649.458333
1 649.500000 649.958333
1 650.000000 650.458333
1 650.500000 650.958333
1 651.000000 651.458333
1 651.500000 651.958333
1 652.000000 652.458333
1 652.500000 652.958333
1 653.000000 653.458333
1 653.500000 653.958333
1 654.000000 654.458333
1 654.500000 654.958333
1 655.000000 655.458333
1 655.500000 655.958333
1 656.000000 656.458333
1 656.500000 656.958333
1 657.000000 657.458333
1 657.500000 657.958333
1 658.000000 658.458333
1 658.500000 658.958333
1 659.000000 659.458333
1 659.500000 659.958333
1 660.000000 660.458333
1 660.500000 660.958333
1 661.000000 661.458333
1 661.500000 661.958333
1 662.000000 662.458333
1 662.500000 662.958333
1 663.000000 663.458333
1 663.500000 663.958333
1 664.000000 664.458333
1 664.500000 664.958333
1 665.000000 665.458333
1 665.500000 665.958333
1 666.000000 666.458333
1 666.500000 666.958333
1 667.000000 667.458333
1 667.500000 667.958333
1 668.000000 668.458333
1 668.500000 668.958333
1 669.000000 669.458333
1 669.500000 669.958333
1 670.000000 670.458333
1 670.500000 670.958333
1 671.000000 671.458333
1 671.500000 671.958333
1 672.000000 672.458333
1 672.500000 672.958333
1 673.000000 673.458333
1 673.500000 673.958333
1 674.000000 674.458333
1 674.500000 674.958333
1 675.000000 675.458333
1 675.500000 675.958333
1 676.000000 676.458333
1 676.500000 676.958333
1 677.000000 677.458333
1 677.500000 677.958333
1 678.000000 678.458333
1 678.500000 678.958333
1 679.000000 679.458333
1 679.500000 679.958333
1 680.000000 680.458333
1 680.500000 680.958333
1 681.000000 681.458333
1 681.500000 681.958333
1 682.000000 682.458333
1 682.500000 682.958333
1 683.000000 683.458333
1 683.500000 683.958333
1 684.000000 684.458333
1 684.500000 684.958333
1 685.000000 685.458333
1 685.500000 685.958333
1 686.000000 686.458333
1 686.500000 686.958333
1 687.000000 687.458333
1 687.500000 687.958333
1 688.000000 688.458333
1 688.500000 688.958333
1 689.000000 689.458333
1 689.500000 689.958333
1 690.000000 690.458333
1 690.500000 690.958333
1 691.000000 691.458333
1 691.500000 691.958333
1 692.000000 692.458333
1 692.500000 692.958333
1 693.000000 693.458333
1 693.500000 693.958333
1 694.000000 694.458333
1 694.500000 694.958333
1 695.000000 695.458333
1 695.500000 695.958333
1 696.000000 696.458333
1 696.500000 696.958333
1 697.000000 697.458333
1 697.500000 697.958333
1 698.000000 698.458333
1 698.500000 698.958333
1 699.000000 699.458333
1 699.500000 699.958333
1 700.000000 700.458333
1 700.500000 700.958333
1 701.000000 701.458333
1 701.500000 701.958333
1 702.000000 702.458333
1 702.500000 702.958333
1 703.000000 703.458333
1 703.500000 703.958333
1 704.000000 704.458333
1 704.500000 704.958333
1 705.000000 705.458333
1 705.500000 705.958333
1 706.000000 706.458333
1 706.500000 706.958333
1 707.000000 707.458333
1 707.500000 707.958333
1 708.000000 708.458333
1 708.500000 708.958333
1 709.000000 709.458333
1 709.500000 709.958333
1 710.000000 710.458333
1 710.500000 710.958333
1 711.000000 711.458333
1 711.500000 711.958333
1 712.000000 712.458333
1 712.500000 712.958333
1 713.000000 713.458333
1 713.500000 713.958333
1 714.000000 714.458333
1 714.500000 714.958333
1 715.000000 715.458333
1 715.500000 715.958333
1 716.000000 716.458333
1 716.500000 716.958333
1 717.000000 717.458333
1 717.500000 717.958333
1 718.000000 718.458333
1 718.500000 718.958333
1 719.000000 719.458333
1 719.500000 719.958333
1 720.000000 720.458333
1 720.500000 720.958333
1 721.000000 721.458333
1 721.500000 721.958333
1 722.000000 722.458333
1 722.500000 722.958333
1 723.000000 723.458333
1 723.500000 723.958333
1 724.000000 724.458333
1 724.500000 724.958333
1 725.000000 725.458333
1 725.500000 725.958333
1 726.000000 726.458333
1 726.500000 726.958333
1 727.000000 727.458333
1 727.500000 727.958333
1 728.000000 728.458333
1 728.500000 728.958333
1 729.000000 729.458333
1 729.500000 729.958333
1 730.000000 730.458333
1 730.500000 730.958333
1 731.000000 731.458333
1 731.500000 731.958333
1 732.000000 732.458333
1 732.500000 732.958333
1 733.000000 733.458333
1 733.500000 733.958333
