0
1
1 1936684398
1496
1 0.000000 0.426667
1 0.448000 0.917333
1 0.938667 1.408000
1 1.429333 1.898667
1 1.920000 2.389333
1 2.410667 2.880000
1 2.901333 3.370667
1 3.392000 3.861333
1 3.882667 4.352000
1 4.373333 4.842667
1 4.864000 5.333333
1 5.354667 5.824000
1 5.845333 6.314667
1 6.336000 6.805333
1 6.826667 7.296000
1 7.317333 7.786667
1 7.808000 8.277333
1 8.298667 8.768000
1 8.789333 9.258667
1 9.280000 9.749333
1 9.770667 10.240000
1 10.261333 10.730667
1 10.752000 11.221333
1 11.242667 11.712000
1 11.733333 12.202667
1 12.224000 12.693333
1 12.714667 13.184000
1 13.205333 13.674646
1 13.695979 14.165313
1 14.186646 14.655979
1 14.677312 15.146646
1 15.167979 15.637313
1 15.658646 16.127979
1 16.149313 16.618646
1 16.639979 17.109313
1 17.130646 17.599979
1 17.621312 18.090646
1 18.111979 18.581312
1 18.602646 19.071979
1 19.093313 19.562646
1 19.583979 20.053313
1 20.074646 20.543979
1 20.565313 21.034646
1 21.055979 21.525312
1 21.546646 22.015979
1 22.037312 22.506646
1 22.527979 22.997313
1 23.018646 23.487979
1 23.509313 23.978646
1 23.999979 24.469313
1 24.490646 24.959979
1 24.981313 25.450646
1 25.471979 25.941312
1 25.962646 26.431979
1 26.453312 26.922625
1 26.943958 27.413292
1 27.434625 27.903958
1 27.925292 28.394625
1 28.415958 28.885292
1 28.906625 29.375958
1 29.397292 29.866625
1 29.887958 30.357292
1 30.378625 30.847958
1 30.869292 31.338625
1 31.359958 31.829292
1 31.850625 32.319958
1 32.341292 32.810625
1 32.831958 33.301292
1 33.322625 33.791958
1 33.813292 34.282625
1 34.303958 34.773292
1 34.794625 35.263958
1 35.285292 35.754625
1 35.775958 36.245292
1 36.266625 36.735958
1 36.757292 37.226625
1 37.247958 37.717292
1 37.738625 38.207958
1 38.229292 38.698625
1 38.719958 39.189292
1 39.210625 39.679958
1 39.701292 40.170604
1 40.191938 40.661271
1 40.682604 41.151938
1 41.173271 41.642604
1 41.663938 42.133271
1 42.154604 42.623937
1 42.645271 43.114604
1 43.135937 43.605271
1 43.626604 44.095937
1 44.117271 44.586604
1 44.607937 45.077271
1 45.098604 45.567937
1 45.589271 46.058604
1 46.079938 46.549271
1 46.570604 47.039938
1 47.061271 47.530604
1 47.551938 48.021271
1 48.042604 48.511938
1 48.533271 49.002604
1 49.023938 49.493271
1 49.514604 49.983938
1 50.005271 50.474604
1 50.495937 50.965271
1 50.986604 51.455937
1 51.477271 51.946604
1 51.967937 52.437271
1 52.458604 52.927937
1 52.949271 53.418583
1 53.439917 53.909250
1 53.930583 54.399917
1 54.421250 54.890583
1 54.911917 55.381250
1 55.402583 55.871917
1 55.893250 56.362583
1 56.383917 56.853250
1 56.874583 57.343917
1 57.365250 57.834583
1 57.855917 58.325250
1 58.346583 58.815917
1 58.837250 59.306583
1 59.327917 59.797250
1 59.818583 60.287917
1 60.309250 60.778583
1 60.799917 61.269250
1 61.290583 61.759917
1 61.781250 62.250583
1 62.271917 62.741250
1 62.762583 63.231917
1 63.253250 63.722583
1 63.743917 64.213250
1 64.234583 64.703917
1 64.725250 65.194583
1 65.215917 65.685250
1 65.706583 66.175917
1 66.197250 66.666583
1 66.687896 67.157229
1 67.178562 67.647896
1 67.669229 68.138563
1 68.159896 68.629229
1 68.650563 69.119896
1 69.141229 69.610563
1 69.631896 70.101229
1 70.122563 70.591896
1 70.613229 71.082562
1 71.103896 71.573229
1 71.594562 72.063896
1 72.085229 72.554563
1 72.575896 73.045229
1 73.066563 73.535896
1 73.557229 74.026562
1 74.047896 74.517229
1 74.538562 75.007896
1 75.029229 75.498563
1 75.519896 75.989229
1 76.010563 76.479896
1 76.501229 76.970563
1 76.991896 77.461229
1 77.482563 77.951896
1 77.973229 78.442562
1 78.463896 78.933229
1 78.954562 79.423896
1 79.445229 79.914563
1 79.935896 80.405208
1 80.426542 80.895875
1 80.917208 81.386542
1 81.407875 81.877208
1 81.898542 82.367875
1 82.389208 82.858542
1 82.879875 83.349208
1 83.370542 83.839875
1 83.861208 84.330542
1 84.351875 84.821208
1 84.842542 85.311875
1 85.333208 85.802542
1 85.823875 86.293208
1 86.314542 86.783875
1 86.805208 87.274542
1 87.295875 87.765208
1 87.786542 88.255875
1 88.277208 88.746542
1 88.767875 89.237208
1 89.258542 89.727875
1 89.749208 90.218542
1 90.239875 90.709208
1 90.730542 91.199875
1 91.221208 91.690542
1 91.711875 92.181208
1 92.202542 92.671875
1 92.693208 93.162542
1 93.183875 93.653188
1 93.674521 94.143854
1 94.165188 94.634521
1 94.655854 95.125187
1 95.146521 95.615854
1 95.637187 96.106521
1 96.127854 96.597188
1 96.618521 97.087854
1 97.109188 97.578521
1 97.599854 98.069187
1 98.090521 98.559854
1 98.581187 99.050521
1 99.071854 99.541188
1 99.562521 100.031854
1 100.053188 100.522521
1 100.543854 101.013188
1 101.034521 101.503854
1 101.525188 101.994521
1 102.015854 102.485187
1 102.506521 102.975854
1 102.997188 103.466521
1 103.487854 103.957188
1 103.978521 104.447854
1 104.469188 104.938521
1 104.959854 105.429188
1 105.450521 105.919854
1 105.941188 106.410521
1 106.431854 106.901167
1 106.922500 107.391833
1 107.413167 107.882500
1 107.903833 108.373167
1 108.394500 108.863833
1 108.885167 109.354500
1 109.375833 109.845167
1 109.866500 110.335833
1 110.357167 110.826500
1 110.847833 111.317167
1 111.338500 111.807833
1 111.829167 112.298500
1 112.319833 112.789167
1 112.810500 113.279833
1 113.301167 113.770500
1 113.791833 114.261167
1 114.282500 114.751833
1 114.773167 115.242500
1 115.263833 115.733167
1 115.754500 116.223833
1 116.245167 116.714500
1 116.735833 117.205167
1 117.226500 117.695833
1 117.717167 118.186500
1 118.207833 118.677167
1 118.698500 119.167833
1 119.189167 119.658500
1 119.679833 120.149167
1 120.170500 120.639833
1 120.661167 121.130500
1 121.151833 121.621167
1 121.642500 122.111833
1 122.133167 122.602500
1 122.623833 123.093167
1 123.114500 123.583812
1 123.605146 124.074479
1 124.095812 124.565146
1 124.586479 125.055813
1 125.077146 125.546479
1 125.567813 126.037146
1 126.058479 126.527813
1 126.549146 127.018479
1 127.039813 127.509146
1 127.530479 127.999813
1 128.021146 128.490479
1 128.511812 128.981146
1 129.002479 129.471813
1 129.493146 129.962479
1 129.983813 130.453146
1 130.474479 130.943813
1 130.965146 131.434479
1 131.455813 131.925146
1 131.946479 132.415812
1 132.437146 132.906479
1 132.927812 133.397146
1 133.418479 133.887813
1 133.909146 134.378479
1 134.399813 134.869146
1 134.890479 135.359813
1 135.381146 135.850479
1 135.871813 136.341146
1 136.362479 136.831792
1 136.853125 137.322458
1 137.343792 137.813125
1 137.834458 138.303792
1 138.325125 138.794458
1 138.815792 139.285125
1 139.306458 139.775792
1 139.797125 140.266458
1 140.287792 140.757125
1 140.778458 141.247792
1 141.269125 141.738458
1 141.759792 142.229125
1 142.250458 142.719792
1 142.741125 143.210458
1 143.231792 143.701125
1 143.722458 144.191792
1 144.213125 144.682458
1 144.703792 145.173125
1 145.194458 145.663792
1 145.685125 146.154458
1 146.175792 146.645125
1 146.666458 147.135792
1 147.157125 147.626458
1 147.647792 148.117125
1 148.138458 148.607792
1 148.629125 149.098458
1 149.119792 149.589125
1 149.610458 150.079771
1 150.101104 150.570438
1 150.591771 151.061104
1 151.082438 151.551771
1 151.573104 152.042438
1 152.063771 152.533104
1 152.554438 153.023771
1 153.045104 153.514438
1 153.535771 154.005104
1 154.026437 154.495771
1 154.517104 154.986437
1 155.007771 155.477104
1 155.498437 155.967771
1 155.989104 156.458438
1 156.479771 156.949104
1 156.970438 157.439771
1 157.461104 157.930438
1 157.951771 158.421104
1 158.442438 158.911771
1 158.933104 159.402437
1 159.423771 159.893104
1 159.914437 160.383771
1 160.405104 160.874438
1 160.895771 161.365104
1 161.386438 161.855771
1 161.877104 162.346438
1 162.367771 162.837104
1 162.858438 163.327771
1 163.349104 163.818417
1 163.839750 164.309083
1 164.330417 164.799750
1 164.821083 165.290417
1 165.311750 165.781083
1 165.802417 166.271750
1 166.293083 166.762417
1 166.783750 167.253083
1 167.274417 167.743750
1 167.765083 168.234417
1 168.255750 168.725083
1 168.746417 169.215750
1 169.237083 169.706417
1 169.727750 170.197083
1 170.218417 170.687750
1 170.709083 171.178417
1 171.199750 171.669083
1 171.690417 172.159750
1 172.181083 172.650417
1 172.671750 173.141083
1 173.162417 173.631750
1 173.653083 174.122417
1 174.143750 174.613083
1 174.634417 175.103750
1 175.125083 175.594417
1 175.615750 176.085083
1 176.106417 176.575750
1 176.597083 177.066396
1 177.087729 177.557063
1 177.578396 178.047729
1 178.069063 178.538396
1 178.559729 179.029063
1 179.050396 179.519729
1 179.541063 180.010396
1 180.031729 180.501062
1 180.522396 180.991729
1 181.013062 181.482396
1 181.503729 181.973063
1 181.994396 182.463729
1 182.485063 182.954396
1 182.975729 183.445063
1 183.466396 183.935729
1 183.957063 184.426396
1 184.447729 184.917062
1 184.938396 185.407729
1 185.429062 185.898396
1 185.919729 186.389062
1 186.410396 186.879729
1 186.901062 187.370396
1 187.391729 187.861063
1 187.882396 188.351729
1 188.373063 188.842396
1 188.863729 189.333063
1 189.354396 189.823729
1 189.845063 190.314375
1 190.335708 190.805042
1 190.826375 191.295708
1 191.317042 191.786375
1 191.807708 192.277042
1 192.298375 192.767708
1 192.789042 193.258375
1 193.279708 193.749042
1 193.770375 194.239708
1 194.261042 194.730375
1 194.751708 195.221042
1 195.242375 195.711708
1 195.733042 196.202375
1 196.223708 196.693042
1 196.714375 197.183708
1 197.205042 197.674375
1 197.695708 198.165042
1 198.186375 198.655708
1 198.677042 199.146375
1 199.167708 199.637042
1 199.658375 200.127708
1 200.149042 200.618375
1 200.639708 201.109042
1 201.130375 201.599708
1 201.621042 202.090375
1 202.111708 202.581042
1 202.602375 203.071708
1 203.093042 203.562354
1 203.583688 204.053021
1 204.074354 204.543688
1 204.565021 205.034354
1 205.055688 205.525021
1 205.546354 206.015688
1 206.037021 206.506354
1 206.527688 206.997021
1 207.018354 207.487687
1 207.509021 207.978354
1 207.999687 208.469021
1 208.490354 208.959688
1 208.981021 209.450354
1 209.471688 209.941021
1 209.962354 210.431688
1 210.453021 210.922354
1 210.943688 211.413021
1 211.434354 211.903687
1 211.925021 212.394354
1 212.415687 212.885021
1 212.906354 213.375688
1 213.397021 213.866354
1 213.887688 214.357021
1 214.378354 214.847688
1 214.869021 215.338354
1 215.359688 215.829021
1 215.850354 216.319687
1 216.341021 216.810333
1 216.831667 217.301000
1 217.322333 217.791667
1 217.813000 218.282333
1 218.303667 218.773000
1 218.794333 219.263667
1 219.285000 219.754333
1 219.775667 220.245000
1 220.266333 220.735667
1 220.757000 221.226333
1 221.247667 221.717000
1 221.738333 222.207667
1 222.229000 222.698333
1 222.719667 223.189000
1 223.210333 223.679667
1 223.701000 224.170333
1 224.191667 224.661000
1 224.682333 225.151667
1 225.173000 225.642333
1 225.663667 226.133000
1 226.154333 226.623667
1 226.645000 227.114333
1 227.135667 227.605000
1 227.626333 228.095667
1 228.117000 228.586333
1 228.607667 229.077000
1 229.098333 229.567667
1 229.589000 230.058333
1 230.079667 230.549000
1 230.570333 231.039667
1 231.061000 231.530333
1 231.551667 232.021000
1 232.042333 232.511667
1 232.533000 233.002333
1 233.023667 233.492979
1 233.514312 233.983646
1 234.004979 234.474313
1 234.495646 234.964979
1 234.986313 235.455646
1 235.476979 235.946313
1 235.967646 236.436979
1 236.458313 236.927646
1 236.948979 237.418313
1 237.439646 237.908979
1 237.930313 238.399646
1 238.420979 238.890312
1 238.911646 239.380979
1 239.402312 239.871646
1 239.892979 240.362313
1 240.383646 240.852979
1 240.874313 241.343646
1 241.364979 241.834313
1 241.855646 242.324979
1 242.346313 242.815646
1 242.836979 243.306312
1 243.327646 243.796979
1 243.818312 244.287646
1 244.308979 244.778313
1 244.799646 245.268979
1 245.290313 245.759646
1 245.780979 246.250313
1 246.271646 246.740979
1 246.762292 247.231625
1 247.252958 247.722292
1 247.743625 248.212958
1 248.234292 248.703625
1 248.724958 249.194292
1 249.215625 249.684958
1 249.706292 250.175625
1 250.196958 250.666292
1 250.687625 251.156958
1 251.178292 251.647625
1 251.668958 252.138292
1 252.159625 252.628958
1 252.650292 253.119625
1 253.140958 253.610292
1 253.631625 254.100958
1 254.122292 254.591625
1 254.612958 255.082292
1 255.103625 255.572958
1 255.594292 256.063625
1 256.084958 256.554292
1 256.575625 257.044958
1 257.066292 257.535625
1 257.556958 258.026292
1 258.047625 258.516958
1 258.538292 259.007625
1 259.028958 259.498292
1 259.519625 259.988958
1 260.010292 260.479604
1 260.500938 260.970271
1 260.991604 261.460938
1 261.482271 261.951604
1 261.972938 262.442271
1 262.463604 262.932937
1 262.954271 263.423604
1 263.444937 263.914271
1 263.935604 264.404938
1 264.426271 264.895604
1 264.916938 265.386271
1 265.407604 265.876938
1 265.898271 266.367604
1 266.388938 266.858271
1 266.879604 267.348937
1 267.370271 267.839604
1 267.860937 268.330271
1 268.351604 268.820938
1 268.842271 269.311604
1 269.332938 269.802271
1 269.823604 270.292937
1 270.314271 270.783604
1 270.804937 271.274271
1 271.295604 271.764937
1 271.786271 272.255604
1 272.276937 272.746271
1 272.767604 273.236938
1 273.258271 273.727583
1 273.748917 274.218250
1 274.239583 274.708917
1 274.730250 275.199583
1 275.220917 275.690250
1 275.711583 276.180917
1 276.202250 276.671583
1 276.692917 277.162250
1 277.183583 277.652917
1 277.674250 278.143583
1 278.164917 278.634250
1 278.655583 279.124917
1 279.146250 279.615583
1 279.636917 280.106250
1 280.127583 280.596917
1 280.618250 281.087583
1 281.108917 281.578250
1 281.599583 282.068917
1 282.090250 282.559583
1 282.580917 283.050250
1 283.071583 283.540917
1 283.562250 284.031583
1 284.052917 284.522250
1 284.543583 285.012917
1 285.034250 285.503583
1 285.524917 285.994250
1 286.015583 286.484917
1 286.506250 286.975563
1 286.996896 287.466229
1 287.487563 287.956896
1 287.978229 288.447563
1 288.468896 288.938229
1 288.959563 289.428896
1 289.450229 289.919562
1 289.940896 290.410229
1 290.431562 290.900896
1 290.922229 291.391563
1 291.412896 291.882229
1 291.903563 292.372896
1 292.394229 292.863563
1 292.884896 293.354229
1 293.375563 293.844896
1 293.866229 294.335562
1 294.356896 294.826229
1 294.847562 295.316896
1 295.338229 295.807563
1 295.828896 296.298229
1 296.319563 296.788896
1 296.810229 297.279563
1 297.300896 297.770229
1 297.791563 298.260896
1 298.282229 298.751562
1 298.772896 299.242229
1 299.263562 299.732896
1 299.754229 300.223542
1 300.244875 300.714208
1 300.735542 301.204875
1 301.226208 301.695542
1 301.716875 302.186208
1 302.207542 302.676875
1 302.698208 303.167542
1 303.188875 303.658208
1 303.679542 304.148875
1 304.170208 304.639542
1 304.660875 305.130208
1 305.151542 305.620875
1 305.642208 306.111542
1 306.132875 306.602208
1 306.623542 307.092875
1 307.114208 307.583542
1 307.604875 308.074208
1 308.095542 308.564875
1 308.586208 309.055542
1 309.076875 309.546208
1 309.567542 310.036875
1 310.058208 310.527542
1 310.548875 311.018208
1 311.039542 311.508875
1 311.530208 311.999542
1 312.020875 312.490208
1 312.511542 312.980875
1 313.002208 313.471521
1 313.492854 313.962188
1 313.983521 314.452854
1 314.474188 314.943521
1 314.964854 315.434188
1 315.455521 315.924854
1 315.946188 316.415521
1 316.436854 316.906187
1 316.927521 317.396854
1 317.418187 317.887521
1 317.908854 318.378188
1 318.399521 318.868854
1 318.890188 319.359521
1 319.380854 319.850188
1 319.871521 320.340854
1 320.362188 320.831521
1 320.852854 321.322187
1 321.343521 321.812854
1 321.834187 322.303521
1 322.324854 322.794188
1 322.815521 323.284854
1 323.306188 323.775521
1 323.796854 324.266188
1 324.287521 324.756854
1 324.778188 325.247521
1 325.268854 325.738187
1 325.759521 326.228854
1 326.250187 326.719521
1 326.740854 327.210167
1 327.231500 327.700833
1 327.722167 328.191500
1 328.212833 328.682167
1 328.703500 329.172833
1 329.194167 329.663500
1 329.684833 330.154167
1 330.175500 330.644833
1 330.666167 331.135500
1 331.156833 331.626167
1 331.647500 332.116833
1 332.138167 332.607500
1 332.628833 333.098167
1 333.119500 333.588833
1 333.610167 334.079500
1 334.100833 334.570167
1 334.591500 335.060833
1 335.082167 335.551500
1 335.572833 336.042167
1 336.063500 336.532833
1 336.554167 337.023500
1 337.044833 337.514167
1 337.535500 338.004833
1 338.026167 338.495500
1 338.516833 338.986167
1 339.007500 339.476833
1 339.498167 339.967500
1 339.988833 340.458167
1 340.479500 340.948833
1 340.970167 341.439500
1 341.460833 341.930167
1 341.951500 342.420833
1 342.442167 342.911500
1 342.932833 343.402167
1 343.423500 343.892812
1 343.914146 344.383479
1 344.404812 344.874146
1 344.895479 345.364813
1 345.386146 345.855479
1 345.876813 346.346146
1 346.367479 346.836813
1 346.858146 347.327479
1 347.348813 347.818146
1 347.839479 348.308812
1 348.330146 348.799479
1 348.820812 349.290146
1 349.311479 349.780813
1 349.802146 350.271479
1 350.292813 350.762146
1 350.783479 351.252813
1 351.274146 351.743479
1 351.764813 352.234146
1 352.255479 352.724812
1 352.746146 353.215479
1 353.236812 353.706146
1 353.727479 354.196813
1 354.218146 354.687479
1 354.708813 355.178146
1 355.199479 355.668813
1 355.690146 356.159479
1 356.180813 356.650146
1 356.671479 357.140792
1 357.162125 357.631458
1 357.652792 358.122125
1 358.143458 358.612792
1 358.634125 359.103458
1 359.124792 359.594125
1 359.615458 360.084792
1 360.106125 360.575458
1 360.596792 361.066125
1 361.087458 361.556792
1 361.578125 362.047458
1 362.068792 362.538125
1 362.559458 363.028792
1 363.050125 363.519458
1 363.540792 364.010125
1 364.031458 364.500792
1 364.522125 364.991458
1 365.012792 365.482125
1 365.503458 365.972792
1 365.994125 366.463458
1 366.484792 366.954125
1 366.975458 367.444792
1 367.466125 367.935458
1 367.956792 368.426125
1 368.447458 368.916792
1 368.938125 369.407458
1 369.428792 369.898125
1 369.919458 370.388771
1 370.410104 370.879437
1 370.900771 371.370104
1 371.391437 371.860771
1 371.882104 372.351437
1 372.372771 372.842104
1 372.863437 373.332771
1 373.354104 373.823438
1 373.844771 374.314104
1 374.335438 374.804771
1 374.826104 375.295437
1 375.316771 375.786104
1 375.807437 376.276771
1 376.298104 376.767438
1 376.788771 377.258104
1 377.279437 377.748771
1 377.770104 378.239438
1 378.260771 378.730104
1 378.751438 379.220771
1 379.242104 379.711437
1 379.732771 380.202104
1 380.223437 380.692771
1 380.714104 381.183438
1 381.204771 381.674104
1 381.695438 382.164771
1 382.186104 382.655438
1 382.676771 383.146104
1 383.167438 383.636750
1 383.658083 384.127417
1 384.148750 384.618083
1 384.639417 385.108750
1 385.130083 385.599417
1 385.620750 386.090083
1 386.111417 386.580750
1 386.602083 387.071417
1 387.092750 387.562083
1 387.583417 388.052750
1 388.074083 388.543417
1 388.564750 389.034083
1 389.055417 389.524750
1 389.546083 390.015417
1 390.036750 390.506083
1 390.527417 390.996750
1 391.018083 391.487417
1 391.508750 391.978083
1 391.999417 392.468750
1 392.490083 392.959417
1 392.980750 393.450083
1 393.471417 393.940750
1 393.962083 394.431417
1 394.452750 394.922083
1 394.943417 395.412750
1 395.434083 395.903417
1 395.924750 396.394083
1 396.415417 396.884729
1 396.906063 397.375396
1 397.396729 397.866063
1 397.887396 398.356729
1 398.378063 398.847396
1 398.868729 399.338062
1 399.359396 399.828729
1 399.850062 400.319396
1 400.340729 400.810063
1 400.831396 401.300729
1 401.322063 401.791396
1 401.812729 402.282062
1 402.303396 402.772729
1 402.794063 403.263396
1 403.284729 403.754062
1 403.775396 404.244729
1 404.266062 404.735396
1 404.756729 405.226063
1 405.247396 405.716729
1 405.738063 406.207396
1 406.228729 406.698062
1 406.719396 407.188729
1 407.210062 407.679396
1 407.700729 408.170062
1 408.191396 408.660729
1 408.682062 409.151396
1 409.172729 409.642063
1 409.663396 410.132708
1 410.154042 410.623375
1 410.644708 411.114042
1 411.135375 411.604708
1 411.626042 412.095375
1 412.116708 412.586042
1 412.607375 413.076708
1 413.098042 413.567375
1 413.588708 414.058042
1 414.079375 414.548708
1 414.570042 415.039375
1 415.060708 415.530042
1 415.551375 416.020708
1 416.042042 416.511375
1 416.532708 417.002042
1 417.023375 417.492708
1 417.514042 417.983375
1 418.004708 418.474042
1 418.495375 418.964708
1 418.986042 419.455375
1 419.476708 419.946042
1 419.967375 420.436708
1 420.458042 420.927375
1 420.948708 421.418042
1 421.439375 421.908708
1 421.930042 422.399375
1 422.420708 422.890042
1 422.911375 423.380708
1 423.402042 423.871354
1 423.892688 424.362021
1 424.383354 424.852688
1 424.874021 425.343354
1 425.364688 425.834021
1 425.855354 426.324687
1 426.346021 426.815354
1 426.836687 427.306021
1 427.327354 427.796688
1 427.818021 428.287354
1 428.308688 428.778021
1 428.799354 429.268688
1 429.290021 429.759354
1 429.780688 430.250021
1 430.271354 430.740687
1 430.762021 431.231354
1 431.252687 431.722021
1 431.743354 432.212688
1 432.234021 432.703354
1 432.724688 433.194021
1 433.215354 433.684688
1 433.706021 434.175354
1 434.196688 434.666021
1 434.687354 435.156687
1 435.178021 435.647354
1 435.668687 436.138021
1 436.159354 436.628688
1 436.650021 437.119333
1 437.140667 437.610000
1 437.631333 438.100667
1 438.122000 438.591333
1 438.612667 439.082000
1 439.103333 439.572667
1 439.594000 440.063333
1 440.084667 440.554000
1 440.575333 441.044667
1 441.066000 441.535333
1 441.556667 442.026000
1 442.047333 442.516667
1 442.538000 443.007333
1 443.028667 443.498000
1 443.519333 443.988667
1 444.010000 444.479333
1 444.500667 444.970000
1 444.991333 445.460667
1 445.482000 445.951333
1 445.972667 446.442000
1 446.463333 446.932667
1 446.954000 447.423333
1 447.444667 447.914000
1 447.935333 448.404667
1 448.426000 448.895333
1 448.916667 449.386000
1 449.407333 449.876667
1 449.898000 450.367333
1 450.388667 450.858000
1 450.879333 451.348667
1 451.370000 451.839333
1 451.860667 452.330000
1 452.351333 452.820667
1 452.842000 453.311333
1 453.332667 453.801979
1 453.823312 454.292646
1 454.313979 454.783313
1 454.804646 455.273979
1 455.295313 455.764646
1 455.785979 456.255313
1 456.276646 456.745979
1 456.767313 457.236646
1 457.257979 457.727312
1 457.748646 458.217979
1 458.239312 458.708646
1 458.729979 459.199313
1 459.220646 459.689979
1 459.711313 460.180646
1 460.201979 460.671313
1 460.692646 461.161979
1 461.183313 461.652646
1 461.673979 462.143312
1 462.164646 462.633979
1 462.655312 463.124646
1 463.145979 463.615313
1 463.636646 464.105979
1 464.127313 464.596646
1 464.617979 465.087313
1 465.108646 465.577979
1 465.599313 466.068646
1 466.089979 466.559312
1 466.580646 467.049958
1 467.071292 467.540625
1 467.561958 468.031292
1 468.052625 468.521958
1 468.543292 469.012625
1 469.033958 469.503292
1 469.524625 469.993958
1 470.015292 470.484625
1 470.505958 470.975292
1 470.996625 471.465958
1 471.487292 471.956625
1 471.977958 472.447292
1 472.468625 472.937958
1 472.959292 473.428625
1 473.449958 473.919292
1 473.940625 474.409958
1 474.431292 474.900625
1 474.921958 475.391292
1 475.412625 475.881958
1 475.903292 476.372625
1 476.393958 476.863292
1 476.884625 477.353958
1 477.375292 477.844625
1 477.865958 478.335292
1 478.356625 478.825958
1 478.847292 479.316625
1 479.337958 479.807292
1 479.828625 480.297937
1 480.319271 480.788604
1 480.809937 481.279271
1 481.300604 481.769938
1 481.791271 482.260604
1 482.281938 482.751271
1 482.772604 483.241938
1 483.263271 483.732604
1 483.753938 484.223271
1 484.244604 484.713937
1 484.735271 485.204604
1 485.225937 485.695271
1 485.716604 486.185938
1 486.207271 486.676604
1 486.697938 487.167271
1 487.188604 487.657938
1 487.679271 488.148604
1 488.169938 488.639271
1 488.660604 489.129937
1 489.151271 489.620604
1 489.641937 490.111271
1 490.132604 490.601938
1 490.623271 491.092604
1 491.113938 491.583271
1 491.604604 492.073938
1 492.095271 492.564604
1 492.585938 493.055271
1 493.076604 493.545917
1 493.567250 494.036583
1 494.057917 494.527250
1 494.548583 495.017917
1 495.039250 495.508583
1 495.529917 495.999250
1 496.020583 496.489917
1 496.511250 496.980583
1 497.001917 497.471250
1 497.492583 497.961917
1 497.983250 498.452583
1 498.473917 498.943250
1 498.964583 499.433917
1 499.455250 499.924583
1 499.945917 500.415250
1 500.436583 500.905917
1 500.927250 501.396583
1 501.417917 501.887250
1 501.908583 502.377917
1 502.399250 502.868583
1 502.889917 503.359250
1 503.380583 503.849917
1 503.871250 504.340583
1 504.361917 504.831250
1 504.852583 505.321917
1 505.343250 505.812583
1 505.833917 506.303250
1 506.324583 506.793917
1 506.815250 507.284562
1 507.305896 507.775229
1 507.796562 508.265896
1 508.287229 508.756562
1 508.777896 509.247229
1 509.268562 509.737896
1 509.759229 510.228563
1 510.249896 510.719229
1 510.740563 511.209896
1 511.231229 511.700562
1 511.721896 512.191229
1 512.212562 512.681896
1 512.703229 513.172563
1 513.193896 513.663229
1 513.684562 514.153896
1 514.175229 514.644563
1 514.665896 515.135229
1 515.156562 515.625896
1 515.647229 516.116562
1 516.137896 516.607229
1 516.628563 517.097896
1 517.119229 517.588562
1 517.609896 518.079229
1 518.100563 518.569896
1 518.591229 519.060562
1 519.081896 519.551229
1 519.572563 520.041896
1 520.063229 520.532542
1 520.553875 521.023208
1 521.044542 521.513875
1 521.535208 522.004542
1 522.025875 522.495208
1 522.516542 522.985875
1 523.007208 523.476542
1 523.497875 523.967208
1 523.988542 524.457875
1 524.479208 524.948542
1 524.969875 525.439208
1 525.460542 525.929875
1 525.951208 526.420542
1 526.441875 526.911208
1 526.932542 527.401875
1 527.423208 527.892542
1 527.913875 528.383208
1 528.404542 528.873875
1 528.895208 529.364542
1 529.385875 529.855208
1 529.876542 530.345875
1 530.367208 530.836542
1 530.857875 531.327208
1 531.348542 531.817875
1 531.839208 532.308542
1 532.329875 532.799208
1 532.820542 533.289875
1 533.311208 533.780521
1 533.801854 534.271188
1 534.292521 534.761854
1 534.783188 535.252521
1 535.273854 535.743187
1 535.764521 536.233854
1 536.255188 536.724521
1 536.745854 537.215187
1 537.236521 537.705854
1 537.727188 538.196521
1 538.217854 538.687188
1 538.708521 539.177854
1 539.199187 539.668521
1 539.689854 540.159188
1 540.180521 540.649854
1 540.671187 541.140521
1 541.161854 541.631188
1 541.652521 542.121854
1 542.143187 542.612521
1 542.633854 543.103187
1 543.124521 543.593854
1 543.615188 544.084521
1 544.105854 544.575187
1 544.596521 545.065854
1 545.087188 545.556521
1 545.577854 546.047187
1 546.068521 546.537854
1 546.559188 547.028500
1 547.049833 547.519167
1 547.540500 548.009833
1 548.031167 548.500500
1 548.521833 548.991167
1 549.012500 549.481833
1 549.503167 549.972500
1 549.993833 550.463167
1 550.484500 550.953833
1 550.975167 551.444500
1 551.465833 551.935167
1 551.956500 552.425833
1 552.447167 552.916500
1 552.937833 553.407167
1 553.428500 553.897833
1 553.919167 554.388500
1 554.409833 554.879167
1 554.900500 555.369833
1 555.391167 555.860500
1 555.881833 556.351167
1 556.372500 556.841833
1 556.863167 557.332500
1 557.353833 557.823167
1 557.844500 558.313833
1 558.335167 558.804500
1 558.825833 559.295167
1 559.316500 559.785833
1 559.807167 560.276500
1 560.297833 560.767167
1 560.788500 561.257833
1 561.279167 561.748500
1 561.769833 562.239167
1 562.260500 562.729833
1 562.751167 563.220500
1 563.241833 563.711146
1 563.732479 564.201812
1 564.223146 564.692479
1 564.713813 565.183146
1 565.204479 565.673813
1 565.695146 566.164479
1 566.185813 566.655146
1 566.676479 567.145813
1 567.167146 567.636479
1 567.657812 568.127146
1 568.148479 568.617813
1 568.639146 569.108479
1 569.129812 569.599146
1 569.620479 570.089812
1 570.111146 570.580479
1 570.601813 571.071146
1 571.092479 571.561812
1 571.583146 572.052479
1 572.073813 572.543146
1 572.564479 573.033812
1 573.055146 573.524479
1 573.545813 574.015146
1 574.036479 574.505813
1 574.527146 574.996479
1 575.017812 575.487146
1 575.508479 575.977813
1 575.999146 576.468479
1 576.489812 576.959125
1 576.980458 577.449792
1 577.471125 577.940458
1 577.961792 578.431125
1 578.452458 578.921792
1 578.943125 579.412458
1 579.433792 579.903125
1 579.924458 580.393792
1 580.415125 580.884458
1 580.905792 581.375125
1 581.396458 581.865792
1 581.887125 582.356458
1 582.377792 582.847125
1 582.868458 583.337792
1 583.359125 583.828458
1 583.849792 584.319125
1 584.340458 584.809792
1 584.831125 585.300458
1 585.321792 585.791125
1 585.812458 586.281792
1 586.303125 586.772458
1 586.793792 587.263125
1 587.284458 587.753792
1 587.775125 588.244458
1 588.265792 588.735125
1 588.756458 589.225792
1 589.247125 589.716458
1 589.737792 590.207104
1 590.228438 590.697771
1 590.719104 591.188437
1 591.209771 591.679104
1 591.700438 592.169771
1 592.191104 592.660437
1 592.681771 593.151104
1 593.172438 593.641771
1 593.663104 594.132438
1 594.153771 594.623104
1 594.644437 595.113771
1 595.135104 595.604438
1 595.625771 596.095104
1 596.116437 596.585771
1 596.607104 597.076438
1 597.097771 597.567104
1 597.588438 598.057771
1 598.079104 598.548437
1 598.569771 599.039104
1 599.060438 599.529771
1 599.551104 600.020437
1 600.041771 600.511104
1 600.532438 601.001771
1 601.023104 601.492438
1 601.513771 601.983104
1 602.004437 602.473771
1 602.495104 602.964438
1 602.985771 603.455104
1 603.476437 603.945750
1 603.967083 604.436417
1 604.457750 604.927083
1 604.948417 605.417750
1 605.439083 605.908417
1 605.929750 606.399083
1 606.420417 606.889750
1 606.911083 607.380417
1 607.401750 607.871083
1 607.892417 608.361750
1 608.383083 608.852417
1 608.873750 609.343083
1 609.364417 609.833750
1 609.855083 610.324417
1 610.345750 610.815083
1 610.836417 611.305750
1 611.327083 611.796417
1 611.817750 612.287083
1 612.308417 612.777750
1 612.799083 613.268417
1 613.289750 613.759083
1 613.780417 614.249750
1 614.271083 614.740417
1 614.761750 615.231083
1 615.252417 615.721750
1 615.743083 616.212417
1 616.233750 616.703083
1 616.724417 617.193729
1 617.215063 617.684396
1 617.705729 618.175062
1 618.196396 618.665729
1 618.687063 619.156396
1 619.177729 619.647062
1 619.668396 620.137729
1 620.159063 620.628396
1 620.649729 621.119063
1 621.140396 621.609729
1 621.631062 622.100396
1 622.121729 622.591063
1 622.612396 623.081729
1 623.103062 623.572396
1 623.593729 624.063063
1 624.084396 624.553729
1 624.575062 625.044396
1 625.065729 625.535062
1 625.556396 626.025729
1 626.047063 626.516396
1 626.537729 627.007062
1 627.028396 627.497729
1 627.519063 627.988396
1 628.009729 628.479063
1 628.500396 628.969729
1 628.991063 629.460396
1 629.481729 629.951063
1 629.972396 630.441708
1 630.463042 630.932375
1 630.953708 631.423042
1 631.444375 631.913708
1 631.935042 632.404375
1 632.425708 632.895042
1 632.916375 633.385708
1 633.407042 633.876375
1 633.897708 634.367042
1 634.388375 634.857708
1 634.879042 635.348375
1 635.369708 635.839042
1 635.860375 636.329708
1 636.351042 636.820375
1 636.841708 637.311042
1 637.332375 637.801708
1 637.823042 638.292375
1 638.313708 638.783042
1 638.804375 639.273708
1 639.295042 639.764375
1 639.785708 640.255042
1 640.276375 640.745708
1 640.767042 641.236375
1 641.257708 641.727042
1 641.748375 642.217708
1 642.239042 642.708375
1 642.729708 643.199042
1 643.220375 643.689687
1 643.711021 644.180354
1 644.201688 644.671021
1 644.692354 645.161687
1 645.183021 645.652354
1 645.673688 646.143021
1 646.164354 646.633687
1 646.655021 647.124354
1 647.145688 647.615021
1 647.636354 648.105688
1 648.127021 648.596354
1 648.617687 649.087021
1 649.108354 649.577688
1 649.599021 650.068354
1 650.089687 650.559021
1 650.580354 651.049688
1 651.071021 651.540354
1 651.561687 652.031021
1 652.052354 652.521687
1 652.543021 653.012354
1 653.033688 653.503021
1 653.524354 653.993687
1 654.015021 654.484354
1 654.505688 654.975021
1 654.996354 655.465687
1 655.487021 655.956354
1 655.977688 656.447021
1 656.468354 656.937667
1 656.959000 657.428333
1 657.449667 657.919000
1 657.940333 658.409667
1 658.431000 658.900333
1 658.921667 659.391000
1 659.412333 659.881667
1 659.903000 660.372333
1 660.393667 660.863000
1 660.884333 661.353667
1 661.375000 661.844333
1 661.865667 662.335000
1 662.356333 662.825667
1 662.847000 663.316333
1 663.337667 663.807000
1 663.828333 664.297667
1 664.319000 664.788333
1 664.809667 665.279000
1 665.300333 665.769667
1 665.791000 666.260333
1 666.281667 666.751000
1 666.772333 667.241667
1 667.263000 667.732333
1 667.753667 668.223000
1 668.244333 668.713667
1 668.735000 669.204333
1 669.225667 669.695000
1 669.716333 670.185667
1 670.207000 670.676333
1 670.697667 671.167000
1 671.188333 671.657667
1 671.679000 672.148333
1 672.169667 672.639000
1 672.660333 673.129667
1 673.151000 673.620312
1 673.641646 674.110979
1 674.132313 674.601646
1 674.622979 675.092313
1 675.113646 675.582979
1 675.604312 676.073646
1 676.094979 676.564313
1 676.585646 677.054979
1 677.076312 677.545646
1 677.566979 678.036313
1 678.057646 678.526979
1 678.548312 679.017646
1 679.038979 679.508312
1 679.529646 679.998979
1 680.020313 680.489646
1 680.510979 680.980312
1 681.001646 681.470979
1 681.492313 681.961646
1 681.982979 682.452312
1 682.473646 682.942979
1 682.964313 683.433646
1 683.454979 683.924313
1 683.945646 684.414979
1 684.436312 684.905646
1 684.926979 685.396313
1 685.417646 685.886979
1 685.908312 686.377646
1 686.398979 686.868313
1 686.889646 687.358958
1 687.380292 687.849625
1 687.870958 688.340292
1 688.361625 688.830958
1 688.852292 689.321625
1 689.342958 689.812292
1 689.833625 690.302958
1 690.324292 690.793625
1 690.814958 691.284292
1 691.305625 691.774958
1 691.796292 692.265625
1 692.286958 692.756292
1 692.777625 693.246958
1 693.268292 693.737625
1 693.758958 694.228292
1 694.249625 694.718958
1 694.740292 695.209625
1 695.230958 695.700292
1 695.721625 696.190958
1 696.212292 696.681625
1 696.702958 697.172292
1 697.193625 697.662958
1 697.684292 698.153625
1 698.174958 698.644292
1 698.665625 699.134958
1 699.156292 699.625625
1 699.646958 700.116292
1 700.137625 700.606937
1 700.628271 701.097604
1 701.118938 701.588271
1 701.609604 702.078938
1 702.100271 702.569604
1 702.590938 703.060271
1 703.081604 703.550938
1 703.572271 704.041604
1 704.062937 704.532271
1 704.553604 705.022938
1 705.044271 705.513604
1 705.534937 706.004271
1 706.025604 706.494937
1 706.516271 706.985604
1 707.006938 707.476271
1 707.497604 707.966937
1 707.988271 708.457604
1 708.478938 708.948271
1 708.969604 709.438937
1 709.460271 709.929604
1 709.950938 710.420271
1 710.441604 710.910938
1 710.932271 711.401604
1 711.422937 711.892271
1 711.913604 712.382938
1 712.404271 712.873604
1 712.894937 713.364271
1 713.385604 713.854917
1 713.876250 714.345583
1 714.366917 714.836250
1 714.857583 715.326917
1 715.348250 715.817583
1 715.838917 716.308250
1 716.329583 716.798917
1 716.820250 717.289583
1 717.310917 717.780250
1 717.801583 718.270917
1 718.292250 718.761583
1 718.782917 719.252250
1 719.273583 719.742917
1 719.764250 720.233583
1 720.254917 720.724250
1 720.745583 721.214917
1 721.236250 721.705583
1 721.726917 722.196250
1 722.217583 722.686917
1 722.708250 723.177583
1 723.198917 723.668250
1 723.689583 724.158917
1 724.180250 724.649583
1 724.670917 725.140250
1 725.161583 725.630917
1 725.652250 726.121583
1 726.142917 726.612250
1 726.633583 727.102896
1 727.124229 727.593562
1 727.614896 728.084229
1 728.105563 728.574896
1 728.596229 729.065563
1 729.086896 729.556229
1 729.577563 730.046896
1 730.068229 730.537563
1 730.558896 731.028229
1 731.049562 731.518896
1 731.540229 732.009563
1 732.030896 732.500229
1 732.521562 732.990896
1 733.012229 733.481563
1 733.502896 733.993563
