1 1431240923466666
4 1431240923914666
7 1431240924405333
10 1431240924896000
13 1431240925386667
16 1431240925877334
19 1431240926368001
22 1431240926858668
25 1431240927349335
28 1431240927840002
31 1431240928330669
34 1431240928821336
37 1431240929312003
40 1431240929802670
43 1431240930293337
46 1431240930784004
49 1431240931274671
52 1431240931765338
55 1431240932256005
58 1431240932746672
61 1431240933237339
64 1431240933728006
67 1431240934218673
70 1431240934709340
73 1431240935200007
76 1431240935690674
79 1431240936181341
82 1431240936672008
85 1431240937162675
88 1431240937653342
91 1431240938144009
94 1431240938634676
97 1431240939125343
100 1431240939616010
103 1431240940106677
106 1431240940597344
109 1431240941088011
112 1431240941578678
115 1431240942069345
118 1431240942560012
121 1431240943050679
124 1431240943541346
127 1431240944032013
130 1431240944522680
133 1431240945013347
136 1431240945504014
139 1431240945994681
142 1431240946485348
145 1431240946976015
148 1431240947466682
151 1431240947957349
154 1431240948448016
157 1431240948938683
160 1431240949429350
163 1431240949920017
166 1431240950410684
169 1431240950901351
172 1431240951392018
175 1431240951882685
178 1431240952373352
181 1431240952864019
184 1431240953354686
187 1431240953845353
190 1431240954336020
193 1431240954826687
196 1431240955317354
199 1431240955808021
202 1431240956298688
205 1431240956789355
208 1431240957280022
211 1431240957770689
214 1431240958261356
217 1431240958752023
220 1431240959242690
223 1431240959733357
226 1431240960224024
229 1431240960714691
232 1431240961205358
235 1431240961696025
238 1431240962186692
241 1431240962677359
244 1431240963168026
247 1431240963658693
250 1431240964149360
253 1431240964640027
256 1431240965130694
259 1431240965621361
262 1431240966112028
265 1431240966602695
268 1431240967093362
271 1431240967584029
274 1431240968074696
277 1431240968565363
280 1431240969056030
283 1431240969546697
286 1431240970037364
289 1431240970528031
292 1431240971018698
295 1431240971509365
298 1431240972000032
301 1431240972490699
304 1431240972981366
307 1431240973472033
310 1431240973962700
313 1431240974453367
316 1431240974944034
319 1431240975434701
322 1431240975925368
325 1431240976416035
328 1431240976906702
331 1431240977397369
334 1431240977888036
337 1431240978378703
340 1431240978869370
343 1431240979360037
346 1431240979850704
349 1431240980341371
352 1431240980832038
355 1431240981322705
358 1431240981813372
361 1431240982304039
364 1431240982794706
367 1431240983285373
370 1431240983776040
373 1431240984266707
376 1431240984757374
379 1431240985248041
382 1431240985738708
385 1431240986229375
388 1431240986720042
391 1431240987210709
394 1431240987701376
397 1431240988192043
400 1431240988682710
403 1431240989173377
406 1431240989664044
409 1431240990154711
412 1431240990645378
415 1431240991136045
418 1431240991626712
421 1431240992117379
424 1431240992608046
427 1431240993098713
430 1431240993589380
433 1431240994080047
436 1431240994570714
439 1431240995061381
442 1431240995552048
445 1431240996042715
448 1431240996533382
451 1431240997024049
454 1431240997514716
457 1431240998005383
460 1431240998496050
463 1431240998986717
466 1431240999477384
469 1431240999968051
472 1431241000458718
475 1431241000949385
478 1431241001440052
481 1431241001930719
484 1431241002421386
487 1431241002912053
490 1431241003402720
493 1431241003893387
496 1431241004384054
499 1431241004874721
502 1431241005365388
505 1431241005856055
508 1431241006346722
511 1431241006837389
514 1431241007328056
517 1431241007818723
520 1431241008309390
523 1431241008800057
526 1431241009290724
529 1431241009781391
532 1431241010272058
535 1431241010762725
538 1431241011253392
541 1431241011744059
544 1431241012234726
547 1431241012725393
550 1431241013216060
553 1431241013706727
556 1431241014197394
559 1431241014688061
562 1431241015178728
565 1431241015669395
568 1431241016160062
571 1431241016650729
574 1431241017141396
577 1431241017632063
580 1431241018122730
583 1431241018613397
586 1431241019104064
589 1431241019594731
592 1431241020085398
595 1431241020576065
598 1431241021066732
601 1431241021557399
604 1431241022048066
607 1431241022538733
610 1431241023029400
613 1431241023520067
616 1431241024010734
619 1431241024501401
622 1431241024992068
625 1431241025482735
628 1431241025973402
631 1431241026464069
634 1431241026954736
637 1431241027445403
640 1431241027936070
643 1431241028426737
646 1431241028917404
649 1431241029408071
652 1431241029898738
655 1431241030389405
658 1431241030880072
661 1431241031370739
664 1431241031861406
667 1431241032352073
670 1431241032842740
673 1431241033333407
676 1431241033824074
679 1431241034314741
682 1431241034805408
685 1431241035296075
688 1431241035786742
691 1431241036277409
694 1431241036768076
697 1431241037258743
700 1431241037749410
703 1431241038240077
706 1431241038730744
709 1431241039221411
712 1431241039712078
715 1431241040202745
718 1431241040693412
721 1431241041184079
724 1431241041674746
727 1431241042165413
730 1431241042656080
733 1431241043146747
736 1431241043637414
739 1431241044128081
742 1431241044618748
745 1431241045109415
748 1431241045600082
751 1431241046090749
754 1431241046581416
757 1431241047072083
760 1431241047562750
763 1431241048053417
766 1431241048544084
769 1431241049034751
772 1431241049525418
775 1431241050016085
778 1431241050506752
781 1431241050997419
784 1431241051488086
787 1431241051978753
790 1431241052469420
793 1431241052960087
796 1431241053450754
799 1431241053941421
802 1431241054432088
805 1431241054922755
808 1431241055413422
811 1431241055904089
814 1431241056394756
817 1431241056885423
820 1431241057376090
823 1431241057866757
826 1431241058357424
829 1431241058848091
832 1431241059338758
835 1431241059829425
838 1431241060320092
841 1431241060810759
844 1431241061301426
847 1431241061792093
850 1431241062282760
853 1431241062773427
856 1431241063264094
859 1431241063754761
862 1431241064245428
865 1431241064736095
868 1431241065226762
871 1431241065717429
874 1431241066208096
877 1431241066698763
880 1431241067189430
883 1431241067680097
886 1431241068170764
889 1431241068661431
892 1431241069152098
895 1431241069642765
898 1431241070133432
901 1431241070624099
904 1431241071114766
907 1431241071605433
910 1431241072096100
913 1431241072586767
916 1431241073077434
919 1431241073568101
922 1431241074058768
925 1431241074549435
928 1431241075040102
931 1431241075530769
934 1431241076021436
937 1431241076512103
940 1431241077002770
943 1431241077493437
946 1431241077984104
949 1431241078474771
952 1431241078965438
955 1431241079456105
958 1431241079946772
961 1431241080437439
964 1431241080928106
967 1431241081418773
970 1431241081909440
973 1431241082400107
976 1431241082890774
979 1431241083381441
982 1431241083872108
985 1431241084362775
988 1431241084853442
991 1431241085344109
994 1431241085834776
997 1431241086325443
1000 1431241086816110
1003 1431241087306777
1006 1431241087797444
1009 1431241088288111
1012 1431241088778778
1015 1431241089269445
1018 1431241089760112
1021 1431241090250779
1024 1431241090741446
1027 1431241091232113
1030 1431241091722780
1033 1431241092213447
1036 1431241092704114
1039 1431241093194781
1042 1431241093685448
1045 1431241094176115
1048 1431241094666782
1051 1431241095157449
1054 1431241095648116
1057 1431241096138783
1060 1431241096629450
1063 1431241097120117
1066 1431241097610784
1069 1431241098101451
1072 1431241098592118
1075 1431241099082785
1078 1431241099573452
1081 1431241100064119
1084 1431241100554786
1087 1431241101045453
1090 1431241101536120
1093 1431241102026787
1096 1431241102517454
1099 1431241103008121
1102 1431241103498788
1105 1431241103989455
1108 1431241104480122
1111 1431241104970789
1114 1431241105461456
1117 1431241105952123
1120 1431241106442790
1123 1431241106933457
1126 1431241107424124
1129 1431241107914791
1132 1431241108405458
1135 1431241108896125
1138 1431241109386792
1141 1431241109877459
1144 1431241110368126
1147 1431241110858793
1150 1431241111349460
1153 1431241111840127
1156 1431241112330794
1159 1431241112821461
1162 1431241113312128
1165 1431241113802795
1168 1431241114293462
1171 1431241114784129
1174 1431241115274796
1177 1431241115765463
1180 1431241116256130
1183 1431241116746797
1186 1431241117237464
1189 1431241117728131
1192 1431241118218798
1195 1431241118709465
1198 1431241119200132
1201 1431241119690799
1204 1431241120181466
1207 1431241120672133
1210 1431241121162800
1213 1431241121653467
1216 1431241122144134
1219 1431241122634801
1222 1431241123125468
1225 1431241123616135
1228 1431241124106802
1231 1431241124597469
1234 1431241125088136
1237 1431241125578803
1240 1431241126069470
1243 1431241126560137
1246 1431241127050804
1249 1431241127541471
1252 1431241128032138
1255 1431241128522805
1258 1431241129013472
1261 1431241129504139
1264 1431241129994806
1267 1431241130485473
1270 1431241130976140
1273 1431241131466807
1276 1431241131957474
1279 1431241132448141
1282 1431241132938808
1285 1431241133429475
1288 1431241133920142
1291 1431241134410809
1294 1431241134901476
1297 1431241135392143
1300 1431241135882810
1303 1431241136373477
1306 1431241136864144
1309 1431241137354811
1312 1431241137845478
1315 1431241138336145
1318 1431241138826812
1321 1431241139317479
1324 1431241139808146
1327 1431241140298813
1330 1431241140789480
1333 1431241141280147
1336 1431241141770814
1339 1431241142261481
1342 1431241142752148
1345 1431241143242815
1348 1431241143733482
1351 1431241144224149
1354 1431241144714816
1357 1431241145205483
1360 1431241145696150
1363 1431241146186817
1366 1431241146677484
1369 1431241147168151
1372 1431241147658818
1375 1431241148149485
1378 1431241148640152
1381 1431241149130819
1384 1431241149621486
1387 1431241150112153
1390 1431241150602820
1393 1431241151093487
1396 1431241151584154
1399 1431241152074821
1402 1431241152565488
1405 1431241153056155
1408 1431241153546822
1411 1431241154037489
1414 1431241154528156
1417 1431241155018823
1420 1431241155509490
1423 1431241156000157
1426 1431241156490824
1429 1431241156981491
1432 1431241157472158
1435 1431241157962825
1438 1431241158453492
1441 1431241158944159
1444 1431241159434826
1447 1431241159925493
1450 1431241160416160
1453 1431241160906827
1456 1431241161397494
1459 1431241161888161
1462 1431241162378828
1465 1431241162869495
1468 1431241163360162
1471 1431241163850829
1474 1431241164341496
1477 1431241164832163
1480 1431241165322830
1483 1431241165813497
1486 1431241166304164
1489 1431241166794831
1492 1431241167285498
1495 1431241167776165
1498 1431241168266832
1501 1431241168757499
1504 1431241169248166
1507 1431241169738833
1510 1431241170229500
1513 1431241170720167
1516 1431241171210834
1519 1431241171701501
1522 1431241172192168
1525 1431241172682835
1528 1431241173173502
1531 1431241173664169
1534 1431241174154836
1537 1431241174645503
1540 1431241175136170
1543 1431241175626837
1546 1431241176117504
1549 1431241176608171
1552 1431241177098838
1555 1431241177589505
1558 1431241178080172
1561 1431241178570839
1564 1431241179061506
1567 1431241179552173
1570 1431241180042840
1573 1431241180533507
1576 1431241181024174
1579 1431241181514841
1582 1431241182005508
1585 1431241182496175
1588 1431241182986842
1591 1431241183477509
1594 1431241183968176
1597 1431241184458843
1600 1431241184949510
1603 1431241185440177
1606 1431241185930844
1609 1431241186421511
1612 1431241186912178
1615 1431241187402845
1618 1431241187893512
1621 1431241188384179
1624 1431241188874846
1627 1431241189365513
1630 1431241189856180
1633 1431241190346847
1636 1431241190837514
1639 1431241191328181
1642 1431241191818848
1645 1431241192309515
1648 1431241192800182
1651 1431241193290849
1654 1431241193781516
1657 1431241194272183
1660 1431241194762850
1663 1431241195253517
1666 1431241195744184
1669 1431241196234851
1672 1431241196725518
1675 1431241197216185
1678 1431241197706852
1681 1431241198197519
1684 1431241198688186
1687 1431241199178853
1690 1431241199669520
1693 1431241200160187
1696 1431241200650854
1699 1431241201141521
1702 1431241201632188
1705 1431241202122855
1708 1431241202613522
1711 1431241203104189
1714 1431241203594856
1717 1431241204085523
1720 1431241204576190
1723 1431241205066857
1726 1431241205557524
1729 1431241206048191
1732 1431241206538858
1735 1431241207029525
1738 1431241207520192
1741 1431241208010859
1744 1431241208501526
1747 1431241208992193
1750 1431241209482860
1753 1431241209973527
1756 1431241210464194
1759 1431241210954861
1762 1431241211445528
1765 1431241211936195
1768 1431241212426862
1771 1431241212917529
1774 1431241213408196
1777 1431241213898863
1780 1431241214389530
1783 1431241214880197
1786 1431241215370864
1789 1431241215861531
1792 1431241216352198
1795 1431241216842865
1798 1431241217333532
1801 1431241217824199
1804 1431241218314866
1807 1431241218805533
1810 1431241219296200
1813 1431241219786867
1816 1431241220277534
1819 1431241220768201
1822 1431241221258868
1825 1431241221749535
1828 1431241222240202
1831 1431241222730869
1834 1431241223221536
1837 1431241223712203
1840 1431241224202870
1843 1431241224693537
1846 1431241225184204
1849 1431241225674871
1852 1431241226165538
1855 1431241226656205
1858 1431241227146872
1861 1431241227637539
1864 1431241228128206
1867 1431241228618873
1870 1431241229109540
1873 1431241229600207
1876 1431241230090874
1879 1431241230581541
1882 1431241231072208
1885 1431241231562875
1888 1431241232053542
1891 1431241232544209
1894 1431241233034876
1897 1431241233525543
1900 1431241234016210
1903 1431241234506877
1906 1431241234997544
1909 1431241235488211
1912 1431241235978878
1915 1431241236469545
1918 1431241236960212
1921 1431241237450879
1924 1431241237941546
1927 1431241238432213
1930 1431241238922880
1933 1431241239413547
1936 1431241239904214
1939 1431241240394881
1942 1431241240885548
1945 1431241241376215
1948 1431241241866882
1951 1431241242357549
1954 1431241242848216
1957 1431241243338883
1960 1431241243829550
1963 1431241244320217
1966 1431241244810884
1969 1431241245301551
1972 1431241245792218
1975 1431241246282885
1978 1431241246773552
1981 1431241247264219
1984 1431241247754886
1987 1431241248245553
1990 1431241248736220
1993 1431241249226887
1996 1431241249717554
1999 1431241250208221
2002 1431241250698888
2005 1431241251189555
2008 1431241251680222
2011 1431241252170889
2014 1431241252661556
2017 1431241253152223
2020 1431241253642890
2023 1431241254133557
2026 1431241254624224
2029 1431241255114891
2032 1431241255605558
2035 1431241256096225
2038 1431241256586892
2041 1431241257077559
2044 1431241257568226
2047 1431241258058893
2050 1431241258549560
2053 1431241259040227
2056 1431241259530894
2059 1431241260021561
2062 1431241260512228
2065 1431241261002895
2068 1431241261493562
2071 1431241261984229
2074 1431241262474896
2077 1431241262965563
2080 1431241263456230
2083 1431241263946897
2086 1431241264437564
2089 1431241264928231
2092 1431241265418898
2095 1431241265909565
2098 1431241266400232
2101 1431241266890899
2104 1431241267381566
2107 1431241267872233
2110 1431241268362900
2113 1431241268853567
2116 1431241269344234
2119 1431241269834901
2122 1431241270325568
2125 1431241270816235
2128 1431241271306902
2131 1431241271797569
2134 1431241272288236
2137 1431241272778903
2140 1431241273269570
2143 1431241273760237
2146 1431241274250904
2149 1431241274741571
2152 1431241275232238
2155 1431241275722905
2158 1431241276213572
2161 1431241276704239
2164 1431241277194906
2167 1431241277685573
2170 1431241278176240
2173 1431241278666907
2176 1431241279157574
2179 1431241279648241
2182 1431241280138908
2185 1431241280629575
2188 1431241281120242
2191 1431241281610909
2194 1431241282101576
2197 1431241282592243
2200 1431241283082910
2203 1431241283573577
2206 1431241284064244
2209 1431241284554911
2212 1431241285045578
2215 1431241285536245
2218 1431241286026912
2221 1431241286517579
2224 1431241287008246
2227 1431241287498913
2230 1431241287989580
2233 1431241288480247
2236 1431241288970914
2239 1431241289461581
2242 1431241289952248
2245 1431241290442915
2248 1431241290933582
2251 1431241291424249
2254 1431241291914916
2257 1431241292405583
2260 1431241292896250
2263 1431241293386917
2266 1431241293877584
2269 1431241294368251
2272 1431241294858918
2275 1431241295349585
2278 1431241295840252
2281 1431241296330919
2284 1431241296821586
2287 1431241297312253
2290 1431241297802920
2293 1431241298293587
2296 1431241298784254
2299 1431241299274921
2302 1431241299765588
2305 1431241300256255
2308 1431241300746922
2311 1431241301237589
2314 1431241301728256
2317 1431241302218923
2320 1431241302709590
2323 1431241303200257
2326 1431241303690924
2329 1431241304181591
2332 1431241304672258
2335 1431241305162925
2338 1431241305653592
2341 1431241306144259
2344 1431241306634926
2347 1431241307125593
2350 1431241307616260
2353 1431241308106927
2356 1431241308597594
2359 1431241309088261
2362 1431241309578928
2365 1431241310069595
2368 1431241310560262
2371 1431241311050929
2374 1431241311541596
2377 1431241312032263
2380 1431241312522930
2383 1431241313013597
2386 1431241313504264
2389 1431241313994931
2392 1431241314485598
2395 1431241314976265
2398 1431241315466932
2401 1431241315957599
2404 1431241316448266
2407 1431241316938933
2410 1431241317429600
2413 1431241317920267
2416 1431241318410934
2419 1431241318901601
2422 1431241319392268
2425 1431241319882935
2428 1431241320373602
2431 1431241320864269
2434 1431241321354936
2437 1431241321845603
2440 1431241322336270
2443 1431241322826937
2446 1431241323317604
2449 1431241323808271
2452 1431241324298938
2455 1431241324789605
2458 1431241325280272
2461 1431241325770939
2464 1431241326261606
2467 1431241326752273
2470 1431241327242940
2473 1431241327733607
2476 1431241328224274
2479 1431241328714941
2482 1431241329205608
2485 1431241329696275
2488 1431241330186942
2491 1431241330677609
2494 1431241331168276
2497 1431241331658943
2500 1431241332149610
2503 1431241332640277
2506 1431241333130944
2509 1431241333621611
2512 1431241334112278
2515 1431241334602945
2518 1431241335093612
2521 1431241335584279
2524 1431241336074946
2527 1431241336565613
2530 1431241337056280
2533 1431241337546947
2536 1431241338037614
2539 1431241338528281
2542 1431241339018948
2545 1431241339509615
2548 1431241340000282
2551 1431241340490949
2554 1431241340981616
2557 1431241341472283
2560 1431241341962950
2563 1431241342453617
2566 1431241342944284
2569 1431241343434951
2572 1431241343925618
2575 1431241344416285
2578 1431241344906952
2581 1431241345397619
2584 1431241345888286
2587 1431241346378953
2590 1431241346869620
2593 1431241347360287
2596 1431241347850954
2599 1431241348341621
2602 1431241348832288
2605 1431241349322955
2608 1431241349813622
2611 1431241350304289
2614 1431241350794956
2617 1431241351285623
2620 1431241351776290
2623 1431241352266957
2626 1431241352757624
2629 1431241353248291
2632 1431241353738958
2635 1431241354229625
2638 1431241354720292
2641 1431241355210959
2644 1431241355701626
2647 1431241356192293
2650 1431241356682960
2653 1431241357173627
2656 1431241357664294
2659 1431241358154961
2662 1431241358645628
2665 1431241359136295
2668 1431241359626962
2671 1431241360117629
2674 1431241360608296
2677 1431241361098963
2680 1431241361589630
2683 1431241362080297
2686 1431241362570964
2689 1431241363061631
2692 1431241363552298
2695 1431241364042965
2698 1431241364533632
2701 1431241365024299
2704 1431241365514966
2707 1431241366005633
2710 1431241366496300
2713 1431241366986967
2716 1431241367477634
2719 1431241367968301
2722 1431241368458968
2725 1431241368949635
2728 1431241369440302
2731 1431241369930969
2734 1431241370421636
2737 1431241370912303
2740 1431241371402970
2743 1431241371893637
2746 1431241372384304
2749 1431241372874971
2752 1431241373365638
2755 1431241373856305
2758 1431241374346972
2761 1431241374837639
2764 1431241375328306
2767 1431241375818973
2770 1431241376309640
2773 1431241376800307
2776 1431241377290974
2779 1431241377781641
2782 1431241378272308
2785 1431241378762975
2788 1431241379253642
2791 1431241379744309
2794 1431241380234976
2797 1431241380725643
2800 1431241381216310
2803 1431241381706977
2806 1431241382197644
2809 1431241382688311
2812 1431241383178978
2815 1431241383669645
2818 1431241384160312
2821 1431241384650979
2824 1431241385141646
2827 1431241385632313
2830 1431241386122980
2833 1431241386613647
2836 1431241387104314
2839 1431241387594981
2842 1431241388085648
2845 1431241388576315
2848 1431241389066982
2851 1431241389557649
2854 1431241390048316
2857 1431241390538983
2860 1431241391029650
2863 1431241391520317
2866 1431241392010984
2869 1431241392501651
2872 1431241392992318
2875 1431241393482985
2878 1431241393973652
2881 1431241394464319
2884 1431241394954986
2887 1431241395445653
2890 1431241395936320
2893 1431241396426987
2896 1431241396917654
2899 1431241397408321
2902 1431241397898988
2905 1431241398389655
2908 1431241398880322
2911 1431241399370989
2914 1431241399861656
2917 1431241400352323
2920 1431241400842990
2923 1431241401333657
2926 1431241401824324
2929 1431241402314991
2932 1431241402805658
2935 1431241403296325
2938 1431241403786992
2941 1431241404277659
2944 1431241404768326
2947 1431241405258993
2950 1431241405749660
2953 1431241406240327
2956 1431241406730994
2959 1431241407221661
2962 1431241407712328
2965 1431241408202995
2968 1431241408693662
2971 1431241409184329
2974 1431241409674996
2977 1431241410165663
2980 1431241410656330
2983 1431241411146997
2986 1431241411637664
2989 1431241412128331
2992 1431241412618998
2995 1431241413109665
2998 1431241413600332
3001 1431241414090999
3004 1431241414581666
3007 1431241415072333
3010 1431241415563000
3013 1431241416053667
3016 1431241416544334
3019 1431241417035001
3022 1431241417525668
3025 1431241418016335
3028 1431241418507002
3031 1431241418997669
3034 1431241419488336
3037 1431241419979003
3040 1431241420469670
3043 1431241420960337
3046 1431241421451004
3049 1431241421941671
3052 1431241422432338
3055 1431241422923005
3058 1431241423413672
3061 1431241423904339
3064 1431241424395006
3067 1431241424885673
3070 1431241425376340
3073 1431241425867007
3076 1431241426357674
3079 1431241426848341
3082 1431241427339008
3085 1431241427829675
3088 1431241428320342
3091 1431241428811009
3094 1431241429301676
3097 1431241429792343
3100 1431241430283010
3103 1431241430773677
3106 1431241431264344
3109 1431241431755011
3112 1431241432245678
3115 1431241432736345
3118 1431241433227012
3121 1431241433717679
3124 1431241434208346
3127 1431241434699013
3130 1431241435189680
3133 1431241435680347
3136 1431241436171014
3139 1431241436661681
3142 1431241437152348
3145 1431241437643015
3148 1431241438133682
3151 1431241438624349
3154 1431241439115016
3157 1431241439605683
3160 1431241440096350
3163 1431241440587017
3166 1431241441077684
3169 1431241441568351
3172 1431241442059018
3175 1431241442549685
3178 1431241443040352
3181 1431241443531019
3184 1431241444021686
3187 1431241444512353
3190 1431241445003020
3193 1431241445493687
3196 1431241445984354
3199 1431241446475021
3202 1431241446965688
3205 1431241447456355
3208 1431241447947022
3211 1431241448437689
3214 1431241448928356
3217 1431241449419023
3220 1431241449909690
3223 1431241450400357
3226 1431241450891024
3229 1431241451381691
3232 1431241451872358
3235 1431241452363025
3238 1431241452853692
3241 1431241453344359
3244 1431241453835026
3247 1431241454325693
3250 1431241454816360
3253 1431241455307027
3256 1431241455797694
3259 1431241456288361
3262 1431241456779028
3265 1431241457269695
3268 1431241457760362
3271 1431241458251029
3274 1431241458741696
3277 1431241459232363
3280 1431241459723030
3283 1431241460213697
3286 1431241460704364
3289 1431241461195031
3292 1431241461685698
3295 1431241462176365
3298 1431241462667032
3301 1431241463157699
3304 1431241463648366
3307 1431241464139033
3310 1431241464629700
3313 1431241465120367
3316 1431241465611034
3319 1431241466101701
3322 1431241466592368
3325 1431241467083035
3328 1431241467573702
3331 1431241468064369
3334 1431241468555036
3337 1431241469045703
3340 1431241469536370
3343 1431241470027037
3346 1431241470517704
3349 1431241471008371
3352 1431241471499038
3355 1431241471989705
3358 1431241472480372
3361 1431241472971039
3364 1431241473461706
3367 1431241473952373
3370 1431241474443040
3373 1431241474933707
3376 1431241475424374
3379 1431241475915041
3382 1431241476405708
3385 1431241476896375
3388 1431241477387042
3391 1431241477877709
3394 1431241478368376
3397 1431241478859043
3400 1431241479349710
3403 1431241479840377
3406 1431241480331044
3409 1431241480821711
3412 1431241481312378
3415 1431241481803045
3418 1431241482293712
3421 1431241482784379
3424 1431241483275046
3427 1431241483765713
3430 1431241484256380
3433 1431241484747047
3436 1431241485237714
3439 1431241485728381
3442 1431241486219048
3445 1431241486709715
3448 1431241487200382
3451 1431241487691049
3454 1431241488181716
3457 1431241488672383
3460 1431241489163050
3463 1431241489653717
3466 1431241490144384
3469 1431241490635051
3472 1431241491125718
3475 1431241491616385
3478 1431241492107052
3481 1431241492597719
3484 1431241493088386
3487 1431241493579053
3490 1431241494069720
3493 1431241494560387
3496 1431241495051054
3499 1431241495541721
3502 1431241496032388
3505 1431241496523055
3508 1431241497013722
3511 1431241497504389
3514 1431241497995056
3517 1431241498485723
3520 1431241498976390
3523 1431241499467057
3526 1431241499957724
3529 1431241500448391
3532 1431241500939058
3535 1431241501429725
3538 1431241501920392
3541 1431241502411059
3544 1431241502901726
3547 1431241503392393
3550 1431241503883060
3553 1431241504373727
3556 1431241504864394
3559 1431241505355061
3562 1431241505845728
3565 1431241506336395
3568 1431241506827062
3571 1431241507317729
3574 1431241507808396
3577 1431241508299063
3580 1431241508789730
3583 1431241509280397
3586 1431241509771064
3589 1431241510261731
3592 1431241510752398
3595 1431241511243065
3598 1431241511733732
3601 1431241512224399
3604 1431241512715066
3607 1431241513205733
3610 1431241513696400
3613 1431241514187067
3616 1431241514677734
3619 1431241515168401
3622 1431241515659068
3625 1431241516149735
3628 1431241516640402
3631 1431241517131069
3634 1431241517621736
3637 1431241518112403
3640 1431241518603070
3643 1431241519093737
3646 1431241519584404
3649 1431241520075071
3652 1431241520565738
3655 1431241521056405
3658 1431241521547072
3661 1431241522037739
3664 1431241522528406
3667 1431241523019073
3670 1431241523509740
3673 1431241524000407
3676 1431241524491074
3679 1431241524981741
3682 1431241525472408
3685 1431241525963075
3688 1431241526453742
3691 1431241526944409
3694 1431241527435076
3697 1431241527925743
3700 1431241528416410
3703 1431241528907077
3706 1431241529397744
3709 1431241529888411
3712 1431241530379078
3715 1431241530869745
3718 1431241531360412
3721 1431241531851079
3724 1431241532341746
3727 1431241532832413
3730 1431241533323080
3733 1431241533813747
3736 1431241534304414
3739 1431241534795081
3742 1431241535285748
3745 1431241535776415
3748 1431241536267082
3751 1431241536757749
3754 1431241537248416
3757 1431241537739083
3760 1431241538229750
3763 1431241538720417
3766 1431241539211084
3769 1431241539701751
3772 1431241540192418
3775 1431241540683085
3778 1431241541173752
3781 1431241541664419
3784 1431241542155086
3787 1431241542645753
3790 1431241543136420
3793 1431241543627087
3796 1431241544117754
3799 1431241544608421
3802 1431241545099088
3805 1431241545589755
3808 1431241546080422
3811 1431241546571089
3814 1431241547061756
3817 1431241547552423
3820 1431241548043090
3823 1431241548533757
3826 1431241549024424
3829 1431241549515091
3832 1431241550005758
3835 1431241550496425
3838 1431241550987092
3841 1431241551477759
3844 1431241551968426
3847 1431241552459093
3850 1431241552949760
3853 1431241553440427
3856 1431241553931094
3859 1431241554421761
3862 1431241554912428
3865 1431241555403095
3868 1431241555893762
3871 1431241556384429
3874 1431241556875096
3877 1431241557365763
3880 1431241557856430
3883 1431241558347097
3886 1431241558837764
3889 1431241559328431
3892 1431241559819098
3895 1431241560309765
3898 1431241560800432
3901 1431241561291099
3904 1431241561781766
3907 1431241562272433
3910 1431241562763100
3913 1431241563253767
3916 1431241563744434
3919 1431241564235101
3922 1431241564725768
3925 1431241565216435
3928 1431241565707102
3931 1431241566197769
3934 1431241566688436
3937 1431241567179103
3940 1431241567669770
3943 1431241568160437
3946 1431241568651104
3949 1431241569141771
3952 1431241569632438
3955 1431241570123105
3958 1431241570613772
3961 1431241571104439
3964 1431241571595106
3967 1431241572085773
3970 1431241572576440
3973 1431241573067107
3976 1431241573557774
3979 1431241574048441
3982 1431241574539108
3985 1431241575029775
3988 1431241575520442
3991 1431241576011109
3994 1431241576501776
3997 1431241576992443
4000 1431241577483110
4003 1431241577973777
4006 1431241578464444
4009 1431241578955111
4012 1431241579445778
4015 1431241579936445
4018 1431241580427112
4021 1431241580917779
4024 1431241581408446
4027 1431241581899113
4030 1431241582389780
4033 1431241582880447
4036 1431241583371114
4039 1431241583861781
4042 1431241584352448
4045 1431241584843115
4048 1431241585333782
4051 1431241585824449
4054 1431241586315116
4057 1431241586805783
4060 1431241587296450
4063 1431241587787117
4066 1431241588277784
4069 1431241588768451
4072 1431241589259118
4075 1431241589749785
4078 1431241590240452
4081 1431241590731119
4084 1431241591221786
4087 1431241591712453
4090 1431241592203120
4093 1431241592693787
4096 1431241593184454
4099 1431241593675121
4102 1431241594165788
4105 1431241594656455
4108 1431241595147122
4111 1431241595637789
4114 1431241596128456
4117 1431241596619123
4120 1431241597109790
4123 1431241597600457
4126 1431241598091124
4129 1431241598581791
4132 1431241599072458
4135 1431241599563125
4138 1431241600053792
4141 1431241600544459
4144 1431241601035126
4147 1431241601525793
4150 1431241602016460
4153 1431241602507127
4156 1431241602997794
4159 1431241603488461
4162 1431241603979128
4165 1431241604469795
4168 1431241604960462
4171 1431241605451129
4174 1431241605941796
4177 1431241606432463
4180 1431241606923130
4183 1431241607413797
4186 1431241607904464
4189 1431241608395131
4192 1431241608885798
4195 1431241609376465
4198 1431241609867132
4201 1431241610357799
4204 1431241610848466
4207 1431241611339133
4210 1431241611829800
4213 1431241612320467
4216 1431241612811134
4219 1431241613301801
4222 1431241613792468
4225 1431241614283135
4228 1431241614773802
4231 1431241615264469
4234 1431241615755136
4237 1431241616245803
4240 1431241616736470
4243 1431241617227137
4246 1431241617717804
4249 1431241618208471
4252 1431241618699138
4255 1431241619189805
4258 1431241619680472
4261 1431241620171139
4264 1431241620661806
4267 1431241621152473
4270 1431241621643140
4273 1431241622133807
4276 1431241622624474
4279 1431241623115141
4282 1431241623605808
4285 1431241624096475
4288 1431241624587142
4291 1431241625077809
4294 1431241625568476
4297 1431241626059143
4300 1431241626549810
4303 1431241627040477
4306 1431241627531144
4309 1431241628021811
4312 1431241628512478
4315 1431241629003145
4318 1431241629493812
4321 1431241629984479
4324 1431241630475146
4327 1431241630965813
4330 1431241631456480
4333 1431241631947147
4336 1431241632437814
4339 1431241632928481
4342 1431241633419148
4345 1431241633909815
4348 1431241634400482
4351 1431241634891149
4354 1431241635381816
4357 1431241635872483
4360 1431241636363150
4363 1431241636853817
4366 1431241637344484
4369 1431241637835151
4372 1431241638325818
4375 1431241638816485
4378 1431241639307152
4381 1431241639797819
4384 1431241640288486
4387 1431241640779153
4390 1431241641269820
4393 1431241641760487
4396 1431241642251154
4399 1431241642741821
4402 1431241643232488
4405 1431241643723155
4408 1431241644213822
4411 1431241644704489
4414 1431241645195156
4417 1431241645685823
4420 1431241646176490
4423 1431241646667157
4426 1431241647157824
4429 1431241647648491
4432 1431241648139158
4435 1431241648629825
4438 1431241649120492
4441 1431241649611159
4444 1431241650101826
4447 1431241650592493
4450 1431241651083160
4453 1431241651573827
4456 1431241652064494
4459 1431241652555161
4462 1431241653045828
4465 1431241653536495
4468 1431241654027162
4471 1431241654517829
4474 1431241655008496
4477 1431241655499163
4480 1431241655989830
4483 1431241656480497
4486 1431241656971164
4489 1431241657461831
